
1 14
  0 1 2 3
  1 0 2 3
  2 0 1 4
  3 0 1 4
  4 2 3 5
  5 4 6 7
  6 5 7 8
  7 5 6 8
  8 6 7 9
  9 8 10 11
 10 9 12 13
 11 9 12 13
 12 10 11 13
 13 10 11 12

2 14
  0 1 2 3
  1 0 2 3
  2 0 1 4
  3 0 1 4
  4 2 3 5
  5 4 6 7
  6 5 7 8
  7 5 6 9
  8 6 9 10
  9 7 8 11
 10 8 12 13
 11 9 12 13
 12 10 11 13
 13 10 11 12

3 14
  0 1 2 3
  1 0 2 3
  2 0 1 4
  3 0 1 4
  4 2 3 5
  5 4 6 7
  6 5 7 8
  7 5 6 9
  8 6 10 11
  9 7 10 12
 10 8 9 13
 11 8 12 13
 12 9 11 13
 13 10 11 12

4 14
  0 1 2 3
  1 0 2 3
  2 0 1 4
  3 0 1 4
  4 2 3 5
  5 4 6 7
  6 5 7 8
  7 5 6 9
  8 6 10 11
  9 7 12 13
 10 8 11 12
 11 8 10 13
 12 9 10 13
 13 9 11 12

5 14
  0 1 2 3
  1 0 2 3
  2 0 1 4
  3 0 1 4
  4 2 3 5
  5 4 6 7
  6 5 7 8
  7 5 6 9
  8 6 10 11
  9 7 12 13
 10 8 12 13
 11 8 12 13
 12 9 10 11
 13 9 10 11

6 14
  0 1 2 3
  1 0 2 3
  2 0 1 4
  3 0 1 4
  4 2 3 5
  5 4 6 7
  6 5 8 9
  7 5 8 9
  8 6 7 10
  9 6 7 11
 10 8 12 13
 11 9 12 13
 12 10 11 13
 13 10 11 12

7 14
  0 1 2 3
  1 0 2 3
  2 0 1 4
  3 0 1 4
  4 2 3 5
  5 4 6 7
  6 5 8 9
  7 5 8 10
  8 6 7 9
  9 6 8 11
 10 7 12 13
 11 9 12 13
 12 10 11 13
 13 10 11 12

8 14
  0 1 2 3
  1 0 2 3
  2 0 1 4
  3 0 1 4
  4 2 3 5
  5 4 6 7
  6 5 8 9
  7 5 8 10
  8 6 7 11
  9 6 10 12
 10 7 9 13
 11 8 12 13
 12 9 11 13
 13 10 11 12

9 14
  0 1 2 3
  1 0 2 3
  2 0 1 4
  3 0 1 4
  4 2 3 5
  5 4 6 7
  6 5 8 9
  7 5 8 10
  8 6 7 11
  9 6 11 12
 10 7 12 13
 11 8 9 13
 12 9 10 13
 13 10 11 12

10 14
  0 1 2 3
  1 0 2 3
  2 0 1 4
  3 0 1 4
  4 2 3 5
  5 4 6 7
  6 5 8 9
  7 5 8 10
  8 6 7 11
  9 6 12 13
 10 7 12 13
 11 8 12 13
 12 9 10 11
 13 9 10 11

11 14
  0 1 2 3
  1 0 2 3
  2 0 1 4
  3 0 1 4
  4 2 3 5
  5 4 6 7
  6 5 8 9
  7 5 10 11
  8 6 9 10
  9 6 8 12
 10 7 8 13
 11 7 12 13
 12 9 11 13
 13 10 11 12

12 14
  0 1 2 3
  1 0 2 3
  2 0 1 4
  3 0 1 4
  4 2 3 5
  5 4 6 7
  6 5 8 9
  7 5 10 11
  8 6 9 12
  9 6 8 12
 10 7 11 13
 11 7 10 13
 12 8 9 13
 13 10 11 12

13 14
  0 1 2 3
  1 0 2 3
  2 0 1 4
  3 0 1 4
  4 2 3 5
  5 4 6 7
  6 5 8 9
  7 5 10 11
  8 6 9 12
  9 6 8 13
 10 7 11 12
 11 7 10 13
 12 8 10 13
 13 9 11 12

14 14
  0 1 2 3
  1 0 2 3
  2 0 1 4
  3 0 1 4
  4 2 3 5
  5 4 6 7
  6 5 8 9
  7 5 10 11
  8 6 9 12
  9 6 8 13
 10 7 12 13
 11 7 12 13
 12 8 10 11
 13 9 10 11

15 14
  0 1 2 3
  1 0 2 3
  2 0 1 4
  3 0 1 4
  4 2 3 5
  5 4 6 7
  6 5 8 9
  7 5 10 11
  8 6 10 11
  9 6 12 13
 10 7 8 12
 11 7 8 13
 12 9 10 13
 13 9 11 12

16 14
  0 1 2 3
  1 0 2 3
  2 0 1 4
  3 0 1 4
  4 2 3 5
  5 4 6 7
  6 5 8 9
  7 5 10 11
  8 6 10 12
  9 6 11 12
 10 7 8 13
 11 7 9 13
 12 8 9 13
 13 10 11 12

17 14
  0 1 2 3
  1 0 2 3
  2 0 1 4
  3 0 1 4
  4 2 3 5
  5 4 6 7
  6 5 8 9
  7 5 10 11
  8 6 10 12
  9 6 11 13
 10 7 8 12
 11 7 9 13
 12 8 10 13
 13 9 11 12

18 14
  0 1 2 3
  1 0 2 3
  2 0 1 4
  3 0 1 4
  4 2 3 5
  5 4 6 7
  6 5 8 9
  7 5 10 11
  8 6 10 12
  9 6 11 13
 10 7 8 13
 11 7 9 12
 12 8 11 13
 13 9 10 12

19 14
  0 1 2 3
  1 0 2 3
  2 0 1 4
  3 0 1 4
  4 2 3 5
  5 4 6 7
  6 5 8 9
  7 5 10 11
  8 6 10 12
  9 6 12 13
 10 7 8 13
 11 7 12 13
 12 8 9 11
 13 9 10 11

20 14
  0 1 2 3
  1 0 2 3
  2 0 1 4
  3 0 1 5
  4 2 5 6
  5 3 4 6
  6 4 5 7
  7 6 8 9
  8 7 9 10
  9 7 8 11
 10 8 12 13
 11 9 12 13
 12 10 11 13
 13 10 11 12

21 14
  0 1 2 3
  1 0 2 3
  2 0 1 4
  3 0 1 5
  4 2 5 6
  5 3 4 6
  6 4 5 7
  7 6 8 9
  8 7 10 11
  9 7 10 12
 10 8 9 13
 11 8 12 13
 12 9 11 13
 13 10 11 12

22 14
  0 1 2 3
  1 0 2 3
  2 0 1 4
  3 0 1 5
  4 2 5 6
  5 3 4 6
  6 4 5 7
  7 6 8 9
  8 7 10 11
  9 7 12 13
 10 8 11 12
 11 8 10 13
 12 9 10 13
 13 9 11 12

23 14
  0 1 2 3
  1 0 2 3
  2 0 1 4
  3 0 1 5
  4 2 5 6
  5 3 4 6
  6 4 5 7
  7 6 8 9
  8 7 10 11
  9 7 12 13
 10 8 12 13
 11 8 12 13
 12 9 10 11
 13 9 10 11

24 14
  0 1 2 3
  1 0 2 3
  2 0 1 4
  3 0 1 5
  4 2 5 6
  5 3 4 7
  6 4 7 8
  7 5 6 9
  8 6 9 10
  9 7 8 11
 10 8 12 13
 11 9 12 13
 12 10 11 13
 13 10 11 12

25 14
  0 1 2 3
  1 0 2 3
  2 0 1 4
  3 0 1 5
  4 2 5 6
  5 3 4 7
  6 4 7 8
  7 5 6 9
  8 6 10 11
  9 7 10 12
 10 8 9 13
 11 8 12 13
 12 9 11 13
 13 10 11 12

26 14
  0 1 2 3
  1 0 2 3
  2 0 1 4
  3 0 1 5
  4 2 5 6
  5 3 4 7
  6 4 7 8
  7 5 6 9
  8 6 10 11
  9 7 12 13
 10 8 11 12
 11 8 10 13
 12 9 10 13
 13 9 11 12

27 14
  0 1 2 3
  1 0 2 3
  2 0 1 4
  3 0 1 5
  4 2 5 6
  5 3 4 7
  6 4 7 8
  7 5 6 9
  8 6 10 11
  9 7 12 13
 10 8 12 13
 11 8 12 13
 12 9 10 11
 13 9 10 11

28 14
  0 1 2 3
  1 0 2 3
  2 0 1 4
  3 0 1 5
  4 2 5 6
  5 3 4 7
  6 4 8 9
  7 5 8 9
  8 6 7 10
  9 6 7 11
 10 8 12 13
 11 9 12 13
 12 10 11 13
 13 10 11 12

29 14
  0 1 2 3
  1 0 2 3
  2 0 1 4
  3 0 1 5
  4 2 5 6
  5 3 4 7
  6 4 8 9
  7 5 8 10
  8 6 7 9
  9 6 8 11
 10 7 12 13
 11 9 12 13
 12 10 11 13
 13 10 11 12

30 14
  0 1 2 3
  1 0 2 3
  2 0 1 4
  3 0 1 5
  4 2 5 6
  5 3 4 7
  6 4 8 9
  7 5 8 10
  8 6 7 11
  9 6 10 12
 10 7 9 13
 11 8 12 13
 12 9 11 13
 13 10 11 12

31 14
  0 1 2 3
  1 0 2 3
  2 0 1 4
  3 0 1 5
  4 2 5 6
  5 3 4 7
  6 4 8 9
  7 5 8 10
  8 6 7 11
  9 6 11 12
 10 7 12 13
 11 8 9 13
 12 9 10 13
 13 10 11 12

32 14
  0 1 2 3
  1 0 2 3
  2 0 1 4
  3 0 1 5
  4 2 5 6
  5 3 4 7
  6 4 8 9
  7 5 8 10
  8 6 7 11
  9 6 12 13
 10 7 12 13
 11 8 12 13
 12 9 10 11
 13 9 10 11

33 14
  0 1 2 3
  1 0 2 3
  2 0 1 4
  3 0 1 5
  4 2 5 6
  5 3 4 7
  6 4 8 9
  7 5 10 11
  8 6 9 10
  9 6 8 12
 10 7 8 13
 11 7 12 13
 12 9 11 13
 13 10 11 12

34 14
  0 1 2 3
  1 0 2 3
  2 0 1 4
  3 0 1 5
  4 2 5 6
  5 3 4 7
  6 4 8 9
  7 5 10 11
  8 6 9 12
  9 6 8 12
 10 7 11 13
 11 7 10 13
 12 8 9 13
 13 10 11 12

35 14
  0 1 2 3
  1 0 2 3
  2 0 1 4
  3 0 1 5
  4 2 5 6
  5 3 4 7
  6 4 8 9
  7 5 10 11
  8 6 9 12
  9 6 8 13
 10 7 11 12
 11 7 10 13
 12 8 10 13
 13 9 11 12

36 14
  0 1 2 3
  1 0 2 3
  2 0 1 4
  3 0 1 5
  4 2 5 6
  5 3 4 7
  6 4 8 9
  7 5 10 11
  8 6 9 12
  9 6 8 13
 10 7 12 13
 11 7 12 13
 12 8 10 11
 13 9 10 11

37 14
  0 1 2 3
  1 0 2 3
  2 0 1 4
  3 0 1 5
  4 2 5 6
  5 3 4 7
  6 4 8 9
  7 5 10 11
  8 6 10 11
  9 6 12 13
 10 7 8 12
 11 7 8 13
 12 9 10 13
 13 9 11 12

38 14
  0 1 2 3
  1 0 2 3
  2 0 1 4
  3 0 1 5
  4 2 5 6
  5 3 4 7
  6 4 8 9
  7 5 10 11
  8 6 10 12
  9 6 11 12
 10 7 8 13
 11 7 9 13
 12 8 9 13
 13 10 11 12

39 14
  0 1 2 3
  1 0 2 3
  2 0 1 4
  3 0 1 5
  4 2 5 6
  5 3 4 7
  6 4 8 9
  7 5 10 11
  8 6 10 12
  9 6 11 13
 10 7 8 12
 11 7 9 13
 12 8 10 13
 13 9 11 12

40 14
  0 1 2 3
  1 0 2 3
  2 0 1 4
  3 0 1 5
  4 2 5 6
  5 3 4 7
  6 4 8 9
  7 5 10 11
  8 6 10 12
  9 6 11 13
 10 7 8 13
 11 7 9 12
 12 8 11 13
 13 9 10 12

41 14
  0 1 2 3
  1 0 2 3
  2 0 1 4
  3 0 1 5
  4 2 5 6
  5 3 4 7
  6 4 8 9
  7 5 10 11
  8 6 10 12
  9 6 12 13
 10 7 8 13
 11 7 12 13
 12 8 9 11
 13 9 10 11

42 14
  0 1 2 3
  1 0 2 3
  2 0 1 4
  3 0 1 5
  4 2 6 7
  5 3 6 7
  6 4 5 8
  7 4 5 9
  8 6 10 11
  9 7 10 12
 10 8 9 13
 11 8 12 13
 12 9 11 13
 13 10 11 12

43 14
  0 1 2 3
  1 0 2 3
  2 0 1 4
  3 0 1 5
  4 2 6 7
  5 3 6 7
  6 4 5 8
  7 4 5 9
  8 6 10 11
  9 7 12 13
 10 8 11 12
 11 8 10 13
 12 9 10 13
 13 9 11 12

44 14
  0 1 2 3
  1 0 2 3
  2 0 1 4
  3 0 1 5
  4 2 6 7
  5 3 6 7
  6 4 5 8
  7 4 5 9
  8 6 10 11
  9 7 12 13
 10 8 12 13
 11 8 12 13
 12 9 10 11
 13 9 10 11

45 14
  0 1 2 3
  1 0 2 3
  2 0 1 4
  3 0 1 5
  4 2 6 7
  5 3 6 8
  6 4 5 7
  7 4 6 9
  8 5 10 11
  9 7 10 12
 10 8 9 13
 11 8 12 13
 12 9 11 13
 13 10 11 12

46 14
  0 1 2 3
  1 0 2 3
  2 0 1 4
  3 0 1 5
  4 2 6 7
  5 3 6 8
  6 4 5 7
  7 4 6 9
  8 5 10 11
  9 7 12 13
 10 8 11 12
 11 8 10 13
 12 9 10 13
 13 9 11 12

47 14
  0 1 2 3
  1 0 2 3
  2 0 1 4
  3 0 1 5
  4 2 6 7
  5 3 6 8
  6 4 5 7
  7 4 6 9
  8 5 10 11
  9 7 12 13
 10 8 12 13
 11 8 12 13
 12 9 10 11
 13 9 10 11

48 14
  0 1 2 3
  1 0 2 3
  2 0 1 4
  3 0 1 5
  4 2 6 7
  5 3 6 8
  6 4 5 9
  7 4 8 9
  8 5 7 10
  9 6 7 11
 10 8 12 13
 11 9 12 13
 12 10 11 13
 13 10 11 12

49 14
  0 1 2 3
  1 0 2 3
  2 0 1 4
  3 0 1 5
  4 2 6 7
  5 3 6 8
  6 4 5 9
  7 4 8 10
  8 5 7 10
  9 6 11 12
 10 7 8 13
 11 9 12 13
 12 9 11 13
 13 10 11 12

50 14
  0 1 2 3
  1 0 2 3
  2 0 1 4
  3 0 1 5
  4 2 6 7
  5 3 6 8
  6 4 5 9
  7 4 8 10
  8 5 7 11
  9 6 10 12
 10 7 9 13
 11 8 12 13
 12 9 11 13
 13 10 11 12

51 14
  0 1 2 3
  1 0 2 3
  2 0 1 4
  3 0 1 5
  4 2 6 7
  5 3 6 8
  6 4 5 9
  7 4 8 10
  8 5 7 11
  9 6 12 13
 10 7 11 12
 11 8 10 13
 12 9 10 13
 13 9 11 12

52 14
  0 1 2 3
  1 0 2 3
  2 0 1 4
  3 0 1 5
  4 2 6 7
  5 3 6 8
  6 4 5 9
  7 4 8 10
  8 5 7 11
  9 6 12 13
 10 7 12 13
 11 8 12 13
 12 9 10 11
 13 9 10 11

53 14
  0 1 2 3
  1 0 2 3
  2 0 1 4
  3 0 1 5
  4 2 6 7
  5 3 6 8
  6 4 5 9
  7 4 9 10
  8 5 9 11
  9 6 7 8
 10 7 12 13
 11 8 12 13
 12 10 11 13
 13 10 11 12

54 14
  0 1 2 3
  1 0 2 3
  2 0 1 4
  3 0 1 5
  4 2 6 7
  5 3 6 8
  6 4 5 9
  7 4 9 10
  8 5 10 11
  9 6 7 12
 10 7 8 13
 11 8 12 13
 12 9 11 13
 13 10 11 12

55 14
  0 1 2 3
  1 0 2 3
  2 0 1 4
  3 0 1 5
  4 2 6 7
  5 3 6 8
  6 4 5 9
  7 4 9 10
  8 5 11 12
  9 6 7 10
 10 7 9 13
 11 8 12 13
 12 8 11 13
 13 10 11 12

56 14
  0 1 2 3
  1 0 2 3
  2 0 1 4
  3 0 1 5
  4 2 6 7
  5 3 6 8
  6 4 5 9
  7 4 9 10
  8 5 11 12
  9 6 7 11
 10 7 12 13
 11 8 9 13
 12 8 10 13
 13 10 11 12

57 14
  0 1 2 3
  1 0 2 3
  2 0 1 4
  3 0 1 5
  4 2 6 7
  5 3 6 8
  6 4 5 9
  7 4 9 10
  8 5 11 12
  9 6 7 13
 10 7 11 12
 11 8 10 13
 12 8 10 13
 13 9 11 12

58 14
  0 1 2 3
  1 0 2 3
  2 0 1 4
  3 0 1 5
  4 2 6 7
  5 3 6 8
  6 4 5 9
  7 4 9 10
  8 5 11 12
  9 6 7 13
 10 7 11 13
 11 8 10 12
 12 8 11 13
 13 9 10 12

59 14
  0 1 2 3
  1 0 2 3
  2 0 1 4
  3 0 1 5
  4 2 6 7
  5 3 6 8
  6 4 5 9
  7 4 10 11
  8 5 10 11
  9 6 12 13
 10 7 8 12
 11 7 8 13
 12 9 10 13
 13 9 11 12

60 14
  0 1 2 3
  1 0 2 3
  2 0 1 4
  3 0 1 5
  4 2 6 7
  5 3 6 8
  6 4 5 9
  7 4 10 11
  8 5 10 12
  9 6 10 13
 10 7 8 9
 11 7 12 13
 12 8 11 13
 13 9 11 12

61 14
  0 1 2 3
  1 0 2 3
  2 0 1 4
  3 0 1 5
  4 2 6 7
  5 3 6 8
  6 4 5 9
  7 4 10 11
  8 5 10 12
  9 6 11 12
 10 7 8 13
 11 7 9 13
 12 8 9 13
 13 10 11 12

62 14
  0 1 2 3
  1 0 2 3
  2 0 1 4
  3 0 1 5
  4 2 6 7
  5 3 6 8
  6 4 5 9
  7 4 10 11
  8 5 10 12
  9 6 11 13
 10 7 8 12
 11 7 9 13
 12 8 10 13
 13 9 11 12

63 14
  0 1 2 3
  1 0 2 3
  2 0 1 4
  3 0 1 5
  4 2 6 7
  5 3 6 8
  6 4 5 9
  7 4 10 11
  8 5 10 12
  9 6 11 13
 10 7 8 13
 11 7 9 12
 12 8 11 13
 13 9 10 12

64 14
  0 1 2 3
  1 0 2 3
  2 0 1 4
  3 0 1 5
  4 2 6 7
  5 3 6 8
  6 4 5 9
  7 4 10 11
  8 5 12 13
  9 6 10 11
 10 7 9 12
 11 7 9 13
 12 8 10 13
 13 8 11 12

65 14
  0 1 2 3
  1 0 2 3
  2 0 1 4
  3 0 1 5
  4 2 6 7
  5 3 6 8
  6 4 5 9
  7 4 10 11
  8 5 12 13
  9 6 10 12
 10 7 9 11
 11 7 10 13
 12 8 9 13
 13 8 11 12

66 14
  0 1 2 3
  1 0 2 3
  2 0 1 4
  3 0 1 5
  4 2 6 7
  5 3 6 8
  6 4 5 9
  7 4 10 11
  8 5 12 13
  9 6 10 12
 10 7 9 13
 11 7 12 13
 12 8 9 11
 13 8 10 11

67 14
  0 1 2 3
  1 0 2 3
  2 0 1 4
  3 0 1 5
  4 2 6 7
  5 3 8 9
  6 4 7 8
  7 4 6 10
  8 5 6 9
  9 5 8 11
 10 7 12 13
 11 9 12 13
 12 10 11 13
 13 10 11 12

68 14
  0 1 2 3
  1 0 2 3
  2 0 1 4
  3 0 1 5
  4 2 6 7
  5 3 8 9
  6 4 7 8
  7 4 6 10
  8 5 6 11
  9 5 10 12
 10 7 9 13
 11 8 12 13
 12 9 11 13
 13 10 11 12

69 14
  0 1 2 3
  1 0 2 3
  2 0 1 4
  3 0 1 5
  4 2 6 7
  5 3 8 9
  6 4 7 8
  7 4 6 10
  8 5 6 11
  9 5 11 12
 10 7 12 13
 11 8 9 13
 12 9 10 13
 13 10 11 12

70 14
  0 1 2 3
  1 0 2 3
  2 0 1 4
  3 0 1 5
  4 2 6 7
  5 3 8 9
  6 4 7 8
  7 4 6 10
  8 5 6 11
  9 5 12 13
 10 7 11 12
 11 8 10 13
 12 9 10 13
 13 9 11 12

71 14
  0 1 2 3
  1 0 2 3
  2 0 1 4
  3 0 1 5
  4 2 6 7
  5 3 8 9
  6 4 7 8
  7 4 6 10
  8 5 6 11
  9 5 12 13
 10 7 12 13
 11 8 12 13
 12 9 10 11
 13 9 10 11

72 14
  0 1 2 3
  1 0 2 3
  2 0 1 4
  3 0 1 5
  4 2 6 7
  5 3 8 9
  6 4 7 10
  7 4 6 10
  8 5 9 11
  9 5 8 12
 10 6 7 13
 11 8 12 13
 12 9 11 13
 13 10 11 12

73 14
  0 1 2 3
  1 0 2 3
  2 0 1 4
  3 0 1 5
  4 2 6 7
  5 3 8 9
  6 4 7 10
  7 4 6 10
  8 5 11 12
  9 5 11 12
 10 6 7 13
 11 8 9 13
 12 8 9 13
 13 10 11 12

74 14
  0 1 2 3
  1 0 2 3
  2 0 1 4
  3 0 1 5
  4 2 6 7
  5 3 8 9
  6 4 7 10
  7 4 6 10
  8 5 11 12
  9 5 11 13
 10 6 7 12
 11 8 9 13
 12 8 10 13
 13 9 11 12

75 14
  0 1 2 3
  1 0 2 3
  2 0 1 4
  3 0 1 5
  4 2 6 7
  5 3 8 9
  6 4 7 10
  7 4 6 11
  8 5 9 10
  9 5 8 12
 10 6 8 13
 11 7 12 13
 12 9 11 13
 13 10 11 12

76 14
  0 1 2 3
  1 0 2 3
  2 0 1 4
  3 0 1 5
  4 2 6 7
  5 3 8 9
  6 4 7 10
  7 4 6 11
  8 5 9 12
  9 5 8 13
 10 6 11 12
 11 7 10 13
 12 8 10 13
 13 9 11 12

77 14
  0 1 2 3
  1 0 2 3
  2 0 1 4
  3 0 1 5
  4 2 6 7
  5 3 8 9
  6 4 7 10
  7 4 6 11
  8 5 9 12
  9 5 8 13
 10 6 12 13
 11 7 12 13
 12 8 10 11
 13 9 10 11

78 14
  0 1 2 3
  1 0 2 3
  2 0 1 4
  3 0 1 5
  4 2 6 7
  5 3 8 9
  6 4 7 10
  7 4 6 11
  8 5 10 11
  9 5 12 13
 10 6 8 12
 11 7 8 13
 12 9 10 13
 13 9 11 12

79 14
  0 1 2 3
  1 0 2 3
  2 0 1 4
  3 0 1 5
  4 2 6 7
  5 3 8 9
  6 4 7 10
  7 4 6 11
  8 5 10 12
  9 5 10 13
 10 6 8 9
 11 7 12 13
 12 8 11 13
 13 9 11 12

80 14
  0 1 2 3
  1 0 2 3
  2 0 1 4
  3 0 1 5
  4 2 6 7
  5 3 8 9
  6 4 7 10
  7 4 6 11
  8 5 10 12
  9 5 11 12
 10 6 8 13
 11 7 9 13
 12 8 9 13
 13 10 11 12

81 14
  0 1 2 3
  1 0 2 3
  2 0 1 4
  3 0 1 5
  4 2 6 7
  5 3 8 9
  6 4 7 10
  7 4 6 11
  8 5 10 12
  9 5 11 13
 10 6 8 12
 11 7 9 13
 12 8 10 13
 13 9 11 12

82 14
  0 1 2 3
  1 0 2 3
  2 0 1 4
  3 0 1 5
  4 2 6 7
  5 3 8 9
  6 4 7 10
  7 4 6 11
  8 5 10 12
  9 5 11 13
 10 6 8 13
 11 7 9 12
 12 8 11 13
 13 9 10 12

83 14
  0 1 2 3
  1 0 2 3
  2 0 1 4
  3 0 1 5
  4 2 6 7
  5 3 8 9
  6 4 7 10
  7 4 6 11
  8 5 10 12
  9 5 12 13
 10 6 8 11
 11 7 10 13
 12 8 9 13
 13 9 11 12

84 14
  0 1 2 3
  1 0 2 3
  2 0 1 4
  3 0 1 5
  4 2 6 7
  5 3 8 9
  6 4 7 10
  7 4 6 11
  8 5 10 12
  9 5 12 13
 10 6 8 13
 11 7 12 13
 12 8 9 11
 13 9 10 11

85 14
  0 1 2 3
  1 0 2 3
  2 0 1 4
  3 0 1 5
  4 2 6 7
  5 3 8 9
  6 4 7 10
  7 4 6 11
  8 5 12 13
  9 5 12 13
 10 6 11 12
 11 7 10 13
 12 8 9 10
 13 8 9 11

86 14
  0 1 2 3
  1 0 2 3
  2 0 1 4
  3 0 1 5
  4 2 6 7
  5 3 8 9
  6 4 8 9
  7 4 8 10
  8 5 6 7
  9 5 6 11
 10 7 12 13
 11 9 12 13
 12 10 11 13
 13 10 11 12

87 14
  0 1 2 3
  1 0 2 3
  2 0 1 4
  3 0 1 5
  4 2 6 7
  5 3 8 9
  6 4 8 9
  7 4 10 11
  8 5 6 10
  9 5 6 12
 10 7 8 13
 11 7 12 13
 12 9 11 13
 13 10 11 12

88 14
  0 1 2 3
  1 0 2 3
  2 0 1 4
  3 0 1 5
  4 2 6 7
  5 3 8 9
  6 4 8 9
  7 4 10 11
  8 5 6 12
  9 5 6 12
 10 7 11 13
 11 7 10 13
 12 8 9 13
 13 10 11 12

89 14
  0 1 2 3
  1 0 2 3
  2 0 1 4
  3 0 1 5
  4 2 6 7
  5 3 8 9
  6 4 8 9
  7 4 10 11
  8 5 6 12
  9 5 6 13
 10 7 11 12
 11 7 10 13
 12 8 10 13
 13 9 11 12

90 14
  0 1 2 3
  1 0 2 3
  2 0 1 4
  3 0 1 5
  4 2 6 7
  5 3 8 9
  6 4 8 9
  7 4 10 11
  8 5 6 12
  9 5 6 13
 10 7 12 13
 11 7 12 13
 12 8 10 11
 13 9 10 11

91 14
  0 1 2 3
  1 0 2 3
  2 0 1 4
  3 0 1 5
  4 2 6 7
  5 3 8 9
  6 4 8 10
  7 4 9 10
  8 5 6 11
  9 5 7 12
 10 6 7 13
 11 8 12 13
 12 9 11 13
 13 10 11 12

92 14
  0 1 2 3
  1 0 2 3
  2 0 1 4
  3 0 1 5
  4 2 6 7
  5 3 8 9
  6 4 8 10
  7 4 9 11
  8 5 6 10
  9 5 7 12
 10 6 8 13
 11 7 12 13
 12 9 11 13
 13 10 11 12

93 14
  0 1 2 3
  1 0 2 3
  2 0 1 4
  3 0 1 5
  4 2 6 7
  5 3 8 9
  6 4 8 10
  7 4 9 11
  8 5 6 11
  9 5 7 12
 10 6 12 13
 11 7 8 13
 12 9 10 13
 13 10 11 12

94 14
  0 1 2 3
  1 0 2 3
  2 0 1 4
  3 0 1 5
  4 2 6 7
  5 3 8 9
  6 4 8 10
  7 4 9 11
  8 5 6 12
  9 5 7 13
 10 6 11 12
 11 7 10 13
 12 8 10 13
 13 9 11 12

95 14
  0 1 2 3
  1 0 2 3
  2 0 1 4
  3 0 1 5
  4 2 6 7
  5 3 8 9
  6 4 8 10
  7 4 9 11
  8 5 6 12
  9 5 7 13
 10 6 11 13
 11 7 10 12
 12 8 11 13
 13 9 10 12

96 14
  0 1 2 3
  1 0 2 3
  2 0 1 4
  3 0 1 5
  4 2 6 7
  5 3 8 9
  6 4 8 10
  7 4 9 11
  8 5 6 12
  9 5 7 13
 10 6 12 13
 11 7 12 13
 12 8 10 11
 13 9 10 11

97 14
  0 1 2 3
  1 0 2 3
  2 0 1 4
  3 0 1 5
  4 2 6 7
  5 3 8 9
  6 4 8 10
  7 4 10 11
  8 5 6 10
  9 5 12 13
 10 6 7 8
 11 7 12 13
 12 9 11 13
 13 9 11 12

98 14
  0 1 2 3
  1 0 2 3
  2 0 1 4
  3 0 1 5
  4 2 6 7
  5 3 8 9
  6 4 8 10
  7 4 10 11
  8 5 6 11
  9 5 12 13
 10 6 7 12
 11 7 8 13
 12 9 10 13
 13 9 11 12

99 14
  0 1 2 3
  1 0 2 3
  2 0 1 4
  3 0 1 5
  4 2 6 7
  5 3 8 9
  6 4 8 10
  7 4 10 11
  8 5 6 12
  9 5 10 13
 10 6 7 9
 11 7 12 13
 12 8 11 13
 13 9 11 12

100 14
  0 1 2 3
  1 0 2 3
  2 0 1 4
  3 0 1 5
  4 2 6 7
  5 3 8 9
  6 4 8 10
  7 4 10 11
  8 5 6 12
  9 5 11 12
 10 6 7 13
 11 7 9 13
 12 8 9 13
 13 10 11 12

101 14
  0 1 2 3
  1 0 2 3
  2 0 1 4
  3 0 1 5
  4 2 6 7
  5 3 8 9
  6 4 8 10
  7 4 10 11
  8 5 6 12
  9 5 11 13
 10 6 7 12
 11 7 9 13
 12 8 10 13
 13 9 11 12

102 14
  0 1 2 3
  1 0 2 3
  2 0 1 4
  3 0 1 5
  4 2 6 7
  5 3 8 9
  6 4 8 10
  7 4 10 11
  8 5 6 12
  9 5 11 13
 10 6 7 13
 11 7 9 12
 12 8 11 13
 13 9 10 12

103 14
  0 1 2 3
  1 0 2 3
  2 0 1 4
  3 0 1 5
  4 2 6 7
  5 3 8 9
  6 4 8 10
  7 4 10 11
  8 5 6 12
  9 5 12 13
 10 6 7 11
 11 7 10 13
 12 8 9 13
 13 9 11 12

104 14
  0 1 2 3
  1 0 2 3
  2 0 1 4
  3 0 1 5
  4 2 6 7
  5 3 8 9
  6 4 8 10
  7 4 10 11
  8 5 6 12
  9 5 12 13
 10 6 7 13
 11 7 12 13
 12 8 9 11
 13 9 10 11

105 14
  0 1 2 3
  1 0 2 3
  2 0 1 4
  3 0 1 5
  4 2 6 7
  5 3 8 9
  6 4 8 10
  7 4 11 12
  8 5 6 10
  9 5 11 12
 10 6 8 13
 11 7 9 13
 12 7 9 13
 13 10 11 12

106 14
  0 1 2 3
  1 0 2 3
  2 0 1 4
  3 0 1 5
  4 2 6 7
  5 3 8 9
  6 4 8 10
  7 4 11 12
  8 5 6 10
  9 5 11 13
 10 6 8 12
 11 7 9 13
 12 7 10 13
 13 9 11 12

107 14
  0 1 2 3
  1 0 2 3
  2 0 1 4
  3 0 1 5
  4 2 6 7
  5 3 8 9
  6 4 8 10
  7 4 11 12
  8 5 6 11
  9 5 10 12
 10 6 9 13
 11 7 8 13
 12 7 9 13
 13 10 11 12

108 14
  0 1 2 3
  1 0 2 3
  2 0 1 4
  3 0 1 5
  4 2 6 7
  5 3 8 9
  6 4 8 10
  7 4 11 12
  8 5 6 11
  9 5 10 13
 10 6 9 12
 11 7 8 13
 12 7 10 13
 13 9 11 12

109 14
  0 1 2 3
  1 0 2 3
  2 0 1 4
  3 0 1 5
  4 2 6 7
  5 3 8 9
  6 4 8 10
  7 4 11 12
  8 5 6 11
  9 5 10 13
 10 6 9 13
 11 7 8 12
 12 7 11 13
 13 9 10 12

110 14
  0 1 2 3
  1 0 2 3
  2 0 1 4
  3 0 1 5
  4 2 6 7
  5 3 8 9
  6 4 8 10
  7 4 11 12
  8 5 6 11
  9 5 12 13
 10 6 11 13
 11 7 8 10
 12 7 9 13
 13 9 10 12

111 14
  0 1 2 3
  1 0 2 3
  2 0 1 4
  3 0 1 5
  4 2 6 7
  5 3 8 9
  6 4 8 10
  7 4 11 12
  8 5 6 11
  9 5 12 13
 10 6 12 13
 11 7 8 13
 12 7 9 10
 13 9 10 11

112 14
  0 1 2 3
  1 0 2 3
  2 0 1 4
  3 0 1 5
  4 2 6 7
  5 3 8 9
  6 4 8 10
  7 4 11 12
  8 5 6 13
  9 5 11 12
 10 6 11 13
 11 7 9 10
 12 7 9 13
 13 8 10 12

113 14
  0 1 2 3
  1 0 2 3
  2 0 1 4
  3 0 1 5
  4 2 6 7
  5 3 8 9
  6 4 10 11
  7 4 10 11
  8 5 10 12
  9 5 12 13
 10 6 7 8
 11 6 7 13
 12 8 9 13
 13 9 11 12

114 14
  0 1 2 3
  1 0 2 3
  2 0 1 4
  3 0 1 5
  4 2 6 7
  5 3 8 9
  6 4 10 11
  7 4 10 11
  8 5 12 13
  9 5 12 13
 10 6 7 12
 11 6 7 13
 12 8 9 10
 13 8 9 11

115 14
  0 1 2 3
  1 0 2 3
  2 0 1 4
  3 0 1 5
  4 2 6 7
  5 3 8 9
  6 4 10 11
  7 4 10 12
  8 5 10 11
  9 5 12 13
 10 6 7 8
 11 6 8 13
 12 7 9 13
 13 9 11 12

116 14
  0 1 2 3
  1 0 2 3
  2 0 1 4
  3 0 1 5
  4 2 6 7
  5 3 8 9
  6 4 10 11
  7 4 10 12
  8 5 10 13
  9 5 11 12
 10 6 7 8
 11 6 9 13
 12 7 9 13
 13 8 11 12

117 14
  0 1 2 3
  1 0 2 3
  2 0 1 4
  3 0 1 5
  4 2 6 7
  5 3 8 9
  6 4 10 11
  7 4 10 12
  8 5 10 13
  9 5 11 13
 10 6 7 8
 11 6 9 12
 12 7 11 13
 13 8 9 12

118 14
  0 1 2 3
  1 0 2 3
  2 0 1 4
  3 0 1 5
  4 2 6 7
  5 3 8 9
  6 4 10 11
  7 4 10 12
  8 5 11 13
  9 5 12 13
 10 6 7 11
 11 6 8 10
 12 7 9 13
 13 8 9 12

119 14
  0 1 2 3
  1 0 2 3
  2 0 1 4
  3 0 1 5
  4 2 6 7
  5 3 8 9
  6 4 10 11
  7 4 10 12
  8 5 11 13
  9 5 12 13
 10 6 7 13
 11 6 8 12
 12 7 9 11
 13 8 9 10

120 14
  0 1 2 3
  1 0 2 3
  2 0 1 4
  3 0 1 5
  4 2 6 7
  5 3 8 9
  6 4 10 11
  7 4 12 13
  8 5 10 11
  9 5 12 13
 10 6 8 11
 11 6 8 10
 12 7 9 13
 13 7 9 12

121 14
  0 1 2 3
  1 0 2 3
  2 0 1 4
  3 0 1 5
  4 2 6 7
  5 3 8 9
  6 4 10 11
  7 4 12 13
  8 5 10 11
  9 5 12 13
 10 6 8 12
 11 6 8 13
 12 7 9 10
 13 7 9 11

122 14
  0 1 2 3
  1 0 2 3
  2 0 1 4
  3 0 1 5
  4 2 6 7
  5 3 8 9
  6 4 10 11
  7 4 12 13
  8 5 10 12
  9 5 11 13
 10 6 8 11
 11 6 9 10
 12 7 8 13
 13 7 9 12

123 14
  0 1 2 3
  1 0 2 3
  2 0 1 4
  3 0 1 5
  4 2 6 7
  5 3 8 9
  6 4 10 11
  7 4 12 13
  8 5 10 12
  9 5 11 13
 10 6 8 13
 11 6 9 12
 12 7 8 11
 13 7 9 10

124 14
  0 1 2 3
  1 0 2 4
  2 0 1 5
  3 0 4 5
  4 1 3 6
  5 2 3 6
  6 4 5 7
  7 6 8 9
  8 7 10 11
  9 7 10 12
 10 8 9 13
 11 8 12 13
 12 9 11 13
 13 10 11 12

125 14
  0 1 2 3
  1 0 2 4
  2 0 1 5
  3 0 4 5
  4 1 3 6
  5 2 3 6
  6 4 5 7
  7 6 8 9
  8 7 10 11
  9 7 12 13
 10 8 11 12
 11 8 10 13
 12 9 10 13
 13 9 11 12

126 14
  0 1 2 3
  1 0 2 4
  2 0 1 5
  3 0 4 5
  4 1 3 6
  5 2 3 6
  6 4 5 7
  7 6 8 9
  8 7 10 11
  9 7 12 13
 10 8 12 13
 11 8 12 13
 12 9 10 11
 13 9 10 11

127 14
  0 1 2 3
  1 0 2 4
  2 0 1 5
  3 0 4 5
  4 1 3 6
  5 2 3 7
  6 4 7 8
  7 5 6 9
  8 6 10 11
  9 7 10 12
 10 8 9 13
 11 8 12 13
 12 9 11 13
 13 10 11 12

128 14
  0 1 2 3
  1 0 2 4
  2 0 1 5
  3 0 4 5
  4 1 3 6
  5 2 3 7
  6 4 7 8
  7 5 6 9
  8 6 10 11
  9 7 12 13
 10 8 11 12
 11 8 10 13
 12 9 10 13
 13 9 11 12

129 14
  0 1 2 3
  1 0 2 4
  2 0 1 5
  3 0 4 5
  4 1 3 6
  5 2 3 7
  6 4 7 8
  7 5 6 9
  8 6 10 11
  9 7 12 13
 10 8 12 13
 11 8 12 13
 12 9 10 11
 13 9 10 11

130 14
  0 1 2 3
  1 0 2 4
  2 0 1 5
  3 0 4 5
  4 1 3 6
  5 2 3 7
  6 4 8 9
  7 5 8 10
  8 6 7 11
  9 6 10 12
 10 7 9 13
 11 8 12 13
 12 9 11 13
 13 10 11 12

131 14
  0 1 2 3
  1 0 2 4
  2 0 1 5
  3 0 4 5
  4 1 3 6
  5 2 3 7
  6 4 8 9
  7 5 8 10
  8 6 7 11
  9 6 11 12
 10 7 12 13
 11 8 9 13
 12 9 10 13
 13 10 11 12

132 14
  0 1 2 3
  1 0 2 4
  2 0 1 5
  3 0 4 5
  4 1 3 6
  5 2 3 7
  6 4 8 9
  7 5 8 10
  8 6 7 11
  9 6 12 13
 10 7 12 13
 11 8 12 13
 12 9 10 11
 13 9 10 11

133 14
  0 1 2 3
  1 0 2 4
  2 0 1 5
  3 0 4 5
  4 1 3 6
  5 2 3 7
  6 4 8 9
  7 5 10 11
  8 6 9 10
  9 6 8 12
 10 7 8 13
 11 7 12 13
 12 9 11 13
 13 10 11 12

134 14
  0 1 2 3
  1 0 2 4
  2 0 1 5
  3 0 4 5
  4 1 3 6
  5 2 3 7
  6 4 8 9
  7 5 10 11
  8 6 9 12
  9 6 8 13
 10 7 11 12
 11 7 10 13
 12 8 10 13
 13 9 11 12

135 14
  0 1 2 3
  1 0 2 4
  2 0 1 5
  3 0 4 5
  4 1 3 6
  5 2 3 7
  6 4 8 9
  7 5 10 11
  8 6 9 12
  9 6 8 13
 10 7 12 13
 11 7 12 13
 12 8 10 11
 13 9 10 11

136 14
  0 1 2 3
  1 0 2 4
  2 0 1 5
  3 0 4 5
  4 1 3 6
  5 2 3 7
  6 4 8 9
  7 5 10 11
  8 6 10 11
  9 6 12 13
 10 7 8 12
 11 7 8 13
 12 9 10 13
 13 9 11 12

137 14
  0 1 2 3
  1 0 2 4
  2 0 1 5
  3 0 4 5
  4 1 3 6
  5 2 3 7
  6 4 8 9
  7 5 10 11
  8 6 10 12
  9 6 11 12
 10 7 8 13
 11 7 9 13
 12 8 9 13
 13 10 11 12

138 14
  0 1 2 3
  1 0 2 4
  2 0 1 5
  3 0 4 5
  4 1 3 6
  5 2 3 7
  6 4 8 9
  7 5 10 11
  8 6 10 12
  9 6 11 13
 10 7 8 12
 11 7 9 13
 12 8 10 13
 13 9 11 12

139 14
  0 1 2 3
  1 0 2 4
  2 0 1 5
  3 0 4 5
  4 1 3 6
  5 2 3 7
  6 4 8 9
  7 5 10 11
  8 6 10 12
  9 6 11 13
 10 7 8 13
 11 7 9 12
 12 8 11 13
 13 9 10 12

140 14
  0 1 2 3
  1 0 2 4
  2 0 1 5
  3 0 4 5
  4 1 3 6
  5 2 3 7
  6 4 8 9
  7 5 10 11
  8 6 10 12
  9 6 12 13
 10 7 8 13
 11 7 12 13
 12 8 9 11
 13 9 10 11

141 14
  0 1 2 3
  1 0 2 4
  2 0 1 5
  3 0 4 6
  4 1 3 6
  5 2 6 7
  6 3 4 5
  7 5 8 9
  8 7 10 11
  9 7 12 13
 10 8 11 12
 11 8 10 13
 12 9 10 13
 13 9 11 12

142 14
  0 1 2 3
  1 0 2 4
  2 0 1 5
  3 0 4 6
  4 1 3 6
  5 2 6 7
  6 3 4 5
  7 5 8 9
  8 7 10 11
  9 7 12 13
 10 8 12 13
 11 8 12 13
 12 9 10 11
 13 9 10 11

143 14
  0 1 2 3
  1 0 2 4
  2 0 1 5
  3 0 4 6
  4 1 3 6
  5 2 7 8
  6 3 4 7
  7 5 6 9
  8 5 10 11
  9 7 12 13
 10 8 11 12
 11 8 10 13
 12 9 10 13
 13 9 11 12

144 14
  0 1 2 3
  1 0 2 4
  2 0 1 5
  3 0 4 6
  4 1 3 6
  5 2 7 8
  6 3 4 7
  7 5 6 9
  8 5 10 11
  9 7 12 13
 10 8 12 13
 11 8 12 13
 12 9 10 11
 13 9 10 11

145 14
  0 1 2 3
  1 0 2 4
  2 0 1 5
  3 0 4 6
  4 1 3 6
  5 2 7 8
  6 3 4 9
  7 5 8 10
  8 5 7 11
  9 6 10 12
 10 7 9 13
 11 8 12 13
 12 9 11 13
 13 10 11 12

146 14
  0 1 2 3
  1 0 2 4
  2 0 1 5
  3 0 4 6
  4 1 3 6
  5 2 7 8
  6 3 4 9
  7 5 8 10
  8 5 7 11
  9 6 12 13
 10 7 11 12
 11 8 10 13
 12 9 10 13
 13 9 11 12

147 14
  0 1 2 3
  1 0 2 4
  2 0 1 5
  3 0 4 6
  4 1 3 6
  5 2 7 8
  6 3 4 9
  7 5 8 10
  8 5 7 11
  9 6 12 13
 10 7 12 13
 11 8 12 13
 12 9 10 11
 13 9 10 11

148 14
  0 1 2 3
  1 0 2 4
  2 0 1 5
  3 0 4 6
  4 1 3 6
  5 2 7 8
  6 3 4 9
  7 5 9 10
  8 5 10 11
  9 6 7 12
 10 7 8 13
 11 8 12 13
 12 9 11 13
 13 10 11 12

149 14
  0 1 2 3
  1 0 2 4
  2 0 1 5
  3 0 4 6
  4 1 3 6
  5 2 7 8
  6 3 4 9
  7 5 9 10
  8 5 11 12
  9 6 7 11
 10 7 12 13
 11 8 9 13
 12 8 10 13
 13 10 11 12

150 14
  0 1 2 3
  1 0 2 4
  2 0 1 5
  3 0 4 6
  4 1 3 6
  5 2 7 8
  6 3 4 9
  7 5 9 10
  8 5 11 12
  9 6 7 13
 10 7 11 12
 11 8 10 13
 12 8 10 13
 13 9 11 12

151 14
  0 1 2 3
  1 0 2 4
  2 0 1 5
  3 0 4 6
  4 1 3 6
  5 2 7 8
  6 3 4 9
  7 5 10 11
  8 5 10 12
  9 6 10 13
 10 7 8 9
 11 7 12 13
 12 8 11 13
 13 9 11 12

152 14
  0 1 2 3
  1 0 2 4
  2 0 1 5
  3 0 4 6
  4 1 3 6
  5 2 7 8
  6 3 4 9
  7 5 10 11
  8 5 10 12
  9 6 11 12
 10 7 8 13
 11 7 9 13
 12 8 9 13
 13 10 11 12

153 14
  0 1 2 3
  1 0 2 4
  2 0 1 5
  3 0 4 6
  4 1 3 6
  5 2 7 8
  6 3 4 9
  7 5 10 11
  8 5 10 12
  9 6 11 13
 10 7 8 13
 11 7 9 12
 12 8 11 13
 13 9 10 12

154 14
  0 1 2 3
  1 0 2 4
  2 0 1 5
  3 0 4 6
  4 1 3 6
  5 2 7 8
  6 3 4 9
  7 5 10 11
  8 5 12 13
  9 6 10 12
 10 7 9 11
 11 7 10 13
 12 8 9 13
 13 8 11 12

155 14
  0 1 2 3
  1 0 2 4
  2 0 1 5
  3 0 4 6
  4 1 3 6
  5 2 7 8
  6 3 4 9
  7 5 10 11
  8 5 12 13
  9 6 10 12
 10 7 9 13
 11 7 12 13
 12 8 9 11
 13 8 10 11

156 14
  0 1 2 3
  1 0 2 4
  2 0 1 5
  3 0 4 6
  4 1 3 7
  5 2 6 7
  6 3 5 8
  7 4 5 9
  8 6 10 11
  9 7 12 13
 10 8 12 13
 11 8 12 13
 12 9 10 11
 13 9 10 11

157 14
  0 1 2 3
  1 0 2 4
  2 0 1 5
  3 0 4 6
  4 1 3 7
  5 2 6 8
  6 3 5 7
  7 4 6 9
  8 5 10 11
  9 7 12 13
 10 8 12 13
 11 8 12 13
 12 9 10 11
 13 9 10 11

158 14
  0 1 2 3
  1 0 2 4
  2 0 1 5
  3 0 4 6
  4 1 3 7
  5 2 6 8
  6 3 5 8
  7 4 9 10
  8 5 6 11
  9 7 12 13
 10 7 12 13
 11 8 12 13
 12 9 10 11
 13 9 10 11

159 14
  0 1 2 3
  1 0 2 4
  2 0 1 5
  3 0 4 6
  4 1 3 7
  5 2 6 8
  6 3 5 9
  7 4 8 10
  8 5 7 11
  9 6 10 12
 10 7 9 13
 11 8 12 13
 12 9 11 13
 13 10 11 12

160 14
  0 1 2 3
  1 0 2 4
  2 0 1 5
  3 0 4 6
  4 1 3 7
  5 2 6 8
  6 3 5 9
  7 4 8 10
  8 5 7 11
  9 6 11 12
 10 7 12 13
 11 8 9 13
 12 9 10 13
 13 10 11 12

161 14
  0 1 2 3
  1 0 2 4
  2 0 1 5
  3 0 4 6
  4 1 3 7
  5 2 6 8
  6 3 5 9
  7 4 8 10
  8 5 7 11
  9 6 12 13
 10 7 11 12
 11 8 10 13
 12 9 10 13
 13 9 11 12

162 14
  0 1 2 3
  1 0 2 4
  2 0 1 5
  3 0 4 6
  4 1 3 7
  5 2 6 8
  6 3 5 9
  7 4 8 10
  8 5 7 11
  9 6 12 13
 10 7 12 13
 11 8 12 13
 12 9 10 11
 13 9 10 11

163 14
  0 1 2 3
  1 0 2 4
  2 0 1 5
  3 0 4 6
  4 1 3 7
  5 2 6 8
  6 3 5 9
  7 4 9 10
  8 5 11 12
  9 6 7 11
 10 7 12 13
 11 8 9 13
 12 8 10 13
 13 10 11 12

164 14
  0 1 2 3
  1 0 2 4
  2 0 1 5
  3 0 4 6
  4 1 3 7
  5 2 6 8
  6 3 5 9
  7 4 9 10
  8 5 11 12
  9 6 7 13
 10 7 11 12
 11 8 10 13
 12 8 10 13
 13 9 11 12

165 14
  0 1 2 3
  1 0 2 4
  2 0 1 5
  3 0 4 6
  4 1 3 7
  5 2 6 8
  6 3 5 9
  7 4 9 10
  8 5 11 12
  9 6 7 13
 10 7 11 13
 11 8 10 12
 12 8 11 13
 13 9 10 12

166 14
  0 1 2 3
  1 0 2 4
  2 0 1 5
  3 0 4 6
  4 1 3 7
  5 2 6 8
  6 3 5 9
  7 4 10 11
  8 5 9 10
  9 6 8 12
 10 7 8 13
 11 7 12 13
 12 9 11 13
 13 10 11 12

167 14
  0 1 2 3
  1 0 2 4
  2 0 1 5
  3 0 4 6
  4 1 3 7
  5 2 6 8
  6 3 5 9
  7 4 10 11
  8 5 9 12
  9 6 8 10
 10 7 9 13
 11 7 12 13
 12 8 11 13
 13 10 11 12

168 14
  0 1 2 3
  1 0 2 4
  2 0 1 5
  3 0 4 6
  4 1 3 7
  5 2 6 8
  6 3 5 9
  7 4 10 11
  8 5 9 12
  9 6 8 13
 10 7 11 12
 11 7 10 13
 12 8 10 13
 13 9 11 12

169 14
  0 1 2 3
  1 0 2 4
  2 0 1 5
  3 0 4 6
  4 1 3 7
  5 2 6 8
  6 3 5 9
  7 4 10 11
  8 5 9 12
  9 6 8 13
 10 7 12 13
 11 7 12 13
 12 8 10 11
 13 9 10 11

170 14
  0 1 2 3
  1 0 2 4
  2 0 1 5
  3 0 4 6
  4 1 3 7
  5 2 6 8
  6 3 5 9
  7 4 10 11
  8 5 10 11
  9 6 12 13
 10 7 8 12
 11 7 8 13
 12 9 10 13
 13 9 11 12

171 14
  0 1 2 3
  1 0 2 4
  2 0 1 5
  3 0 4 6
  4 1 3 7
  5 2 6 8
  6 3 5 9
  7 4 10 11
  8 5 10 12
  9 6 10 13
 10 7 8 9
 11 7 12 13
 12 8 11 13
 13 9 11 12

172 14
  0 1 2 3
  1 0 2 4
  2 0 1 5
  3 0 4 6
  4 1 3 7
  5 2 6 8
  6 3 5 9
  7 4 10 11
  8 5 10 12
  9 6 11 12
 10 7 8 13
 11 7 9 13
 12 8 9 13
 13 10 11 12

173 14
  0 1 2 3
  1 0 2 4
  2 0 1 5
  3 0 4 6
  4 1 3 7
  5 2 6 8
  6 3 5 9
  7 4 10 11
  8 5 10 12
  9 6 11 13
 10 7 8 12
 11 7 9 13
 12 8 10 13
 13 9 11 12

174 14
  0 1 2 3
  1 0 2 4
  2 0 1 5
  3 0 4 6
  4 1 3 7
  5 2 6 8
  6 3 5 9
  7 4 10 11
  8 5 10 12
  9 6 11 13
 10 7 8 13
 11 7 9 12
 12 8 11 13
 13 9 10 12

175 14
  0 1 2 3
  1 0 2 4
  2 0 1 5
  3 0 4 6
  4 1 3 7
  5 2 6 8
  6 3 5 9
  7 4 10 11
  8 5 10 12
  9 6 12 13
 10 7 8 11
 11 7 10 13
 12 8 9 13
 13 9 11 12

176 14
  0 1 2 3
  1 0 2 4
  2 0 1 5
  3 0 4 6
  4 1 3 7
  5 2 6 8
  6 3 5 9
  7 4 10 11
  8 5 10 12
  9 6 12 13
 10 7 8 13
 11 7 12 13
 12 8 9 11
 13 9 10 11

177 14
  0 1 2 3
  1 0 2 4
  2 0 1 5
  3 0 4 6
  4 1 3 7
  5 2 6 8
  6 3 5 9
  7 4 10 11
  8 5 12 13
  9 6 10 11
 10 7 9 12
 11 7 9 13
 12 8 10 13
 13 8 11 12

178 14
  0 1 2 3
  1 0 2 4
  2 0 1 5
  3 0 4 6
  4 1 3 7
  5 2 6 8
  6 3 5 9
  7 4 10 11
  8 5 12 13
  9 6 10 12
 10 7 9 11
 11 7 10 13
 12 8 9 13
 13 8 11 12

179 14
  0 1 2 3
  1 0 2 4
  2 0 1 5
  3 0 4 6
  4 1 3 7
  5 2 6 8
  6 3 5 9
  7 4 10 11
  8 5 12 13
  9 6 10 12
 10 7 9 13
 11 7 12 13
 12 8 9 11
 13 8 10 11

180 14
  0 1 2 3
  1 0 2 4
  2 0 1 5
  3 0 4 6
  4 1 3 7
  5 2 6 8
  6 3 5 9
  7 4 10 11
  8 5 12 13
  9 6 12 13
 10 7 11 12
 11 7 10 13
 12 8 9 10
 13 8 9 11

181 14
  0 1 2 3
  1 0 2 4
  2 0 1 5
  3 0 4 6
  4 1 3 7
  5 2 8 9
  6 3 7 8
  7 4 6 10
  8 5 6 11
  9 5 11 12
 10 7 12 13
 11 8 9 13
 12 9 10 13
 13 10 11 12

182 14
  0 1 2 3
  1 0 2 4
  2 0 1 5
  3 0 4 6
  4 1 3 7
  5 2 8 9
  6 3 7 8
  7 4 6 10
  8 5 6 11
  9 5 12 13
 10 7 12 13
 11 8 12 13
 12 9 10 11
 13 9 10 11

183 14
  0 1 2 3
  1 0 2 4
  2 0 1 5
  3 0 4 6
  4 1 3 7
  5 2 8 9
  6 3 7 10
  7 4 6 10
  8 5 11 12
  9 5 11 12
 10 6 7 13
 11 8 9 13
 12 8 9 13
 13 10 11 12

184 14
  0 1 2 3
  1 0 2 4
  2 0 1 5
  3 0 4 6
  4 1 3 7
  5 2 8 9
  6 3 7 10
  7 4 6 11
  8 5 9 10
  9 5 8 12
 10 6 8 13
 11 7 12 13
 12 9 11 13
 13 10 11 12

185 14
  0 1 2 3
  1 0 2 4
  2 0 1 5
  3 0 4 6
  4 1 3 7
  5 2 8 9
  6 3 7 10
  7 4 6 11
  8 5 9 12
  9 5 8 13
 10 6 11 12
 11 7 10 13
 12 8 10 13
 13 9 11 12

186 14
  0 1 2 3
  1 0 2 4
  2 0 1 5
  3 0 4 6
  4 1 3 7
  5 2 8 9
  6 3 7 10
  7 4 6 11
  8 5 9 12
  9 5 8 13
 10 6 12 13
 11 7 12 13
 12 8 10 11
 13 9 10 11

187 14
  0 1 2 3
  1 0 2 4
  2 0 1 5
  3 0 4 6
  4 1 3 7
  5 2 8 9
  6 3 7 10
  7 4 6 11
  8 5 10 11
  9 5 12 13
 10 6 8 12
 11 7 8 13
 12 9 10 13
 13 9 11 12

188 14
  0 1 2 3
  1 0 2 4
  2 0 1 5
  3 0 4 6
  4 1 3 7
  5 2 8 9
  6 3 7 10
  7 4 6 11
  8 5 10 12
  9 5 10 13
 10 6 8 9
 11 7 12 13
 12 8 11 13
 13 9 11 12

189 14
  0 1 2 3
  1 0 2 4
  2 0 1 5
  3 0 4 6
  4 1 3 7
  5 2 8 9
  6 3 7 10
  7 4 6 11
  8 5 10 12
  9 5 11 12
 10 6 8 13
 11 7 9 13
 12 8 9 13
 13 10 11 12

190 14
  0 1 2 3
  1 0 2 4
  2 0 1 5
  3 0 4 6
  4 1 3 7
  5 2 8 9
  6 3 7 10
  7 4 6 11
  8 5 10 12
  9 5 11 13
 10 6 8 12
 11 7 9 13
 12 8 10 13
 13 9 11 12

191 14
  0 1 2 3
  1 0 2 4
  2 0 1 5
  3 0 4 6
  4 1 3 7
  5 2 8 9
  6 3 7 10
  7 4 6 11
  8 5 10 12
  9 5 11 13
 10 6 8 13
 11 7 9 12
 12 8 11 13
 13 9 10 12

192 14
  0 1 2 3
  1 0 2 4
  2 0 1 5
  3 0 4 6
  4 1 3 7
  5 2 8 9
  6 3 7 10
  7 4 6 11
  8 5 10 12
  9 5 12 13
 10 6 8 13
 11 7 12 13
 12 8 9 11
 13 9 10 11

193 14
  0 1 2 3
  1 0 2 4
  2 0 1 5
  3 0 4 6
  4 1 3 7
  5 2 8 9
  6 3 7 10
  7 4 6 11
  8 5 12 13
  9 5 12 13
 10 6 11 12
 11 7 10 13
 12 8 9 10
 13 8 9 11

194 14
  0 1 2 3
  1 0 2 4
  2 0 1 5
  3 0 4 6
  4 1 3 7
  5 2 8 9
  6 3 8 9
  7 4 10 11
  8 5 6 10
  9 5 6 12
 10 7 8 13
 11 7 12 13
 12 9 11 13
 13 10 11 12

195 14
  0 1 2 3
  1 0 2 4
  2 0 1 5
  3 0 4 6
  4 1 3 7
  5 2 8 9
  6 3 8 9
  7 4 10 11
  8 5 6 12
  9 5 6 13
 10 7 11 12
 11 7 10 13
 12 8 10 13
 13 9 11 12

196 14
  0 1 2 3
  1 0 2 4
  2 0 1 5
  3 0 4 6
  4 1 3 7
  5 2 8 9
  6 3 8 9
  7 4 10 11
  8 5 6 12
  9 5 6 13
 10 7 12 13
 11 7 12 13
 12 8 10 11
 13 9 10 11

197 14
  0 1 2 3
  1 0 2 4
  2 0 1 5
  3 0 4 6
  4 1 3 7
  5 2 8 9
  6 3 8 10
  7 4 8 11
  8 5 6 7
  9 5 10 12
 10 6 9 13
 11 7 12 13
 12 9 11 13
 13 10 11 12

198 14
  0 1 2 3
  1 0 2 4
  2 0 1 5
  3 0 4 6
  4 1 3 7
  5 2 8 9
  6 3 8 10
  7 4 8 11
  8 5 6 7
  9 5 12 13
 10 6 11 12
 11 7 10 13
 12 9 10 13
 13 9 11 12

199 14
  0 1 2 3
  1 0 2 4
  2 0 1 5
  3 0 4 6
  4 1 3 7
  5 2 8 9
  6 3 8 10
  7 4 8 11
  8 5 6 7
  9 5 12 13
 10 6 12 13
 11 7 12 13
 12 9 10 11
 13 9 10 11

200 14
  0 1 2 3
  1 0 2 4
  2 0 1 5
  3 0 4 6
  4 1 3 7
  5 2 8 9
  6 3 8 10
  7 4 9 10
  8 5 6 11
  9 5 7 12
 10 6 7 13
 11 8 12 13
 12 9 11 13
 13 10 11 12

201 14
  0 1 2 3
  1 0 2 4
  2 0 1 5
  3 0 4 6
  4 1 3 7
  5 2 8 9
  6 3 8 10
  7 4 9 11
  8 5 6 10
  9 5 7 12
 10 6 8 13
 11 7 12 13
 12 9 11 13
 13 10 11 12

202 14
  0 1 2 3
  1 0 2 4
  2 0 1 5
  3 0 4 6
  4 1 3 7
  5 2 8 9
  6 3 8 10
  7 4 9 11
  8 5 6 11
  9 5 7 12
 10 6 12 13
 11 7 8 13
 12 9 10 13
 13 10 11 12

203 14
  0 1 2 3
  1 0 2 4
  2 0 1 5
  3 0 4 6
  4 1 3 7
  5 2 8 9
  6 3 8 10
  7 4 9 11
  8 5 6 12
  9 5 7 12
 10 6 11 13
 11 7 10 13
 12 8 9 13
 13 10 11 12

204 14
  0 1 2 3
  1 0 2 4
  2 0 1 5
  3 0 4 6
  4 1 3 7
  5 2 8 9
  6 3 8 10
  7 4 9 11
  8 5 6 12
  9 5 7 13
 10 6 11 12
 11 7 10 13
 12 8 10 13
 13 9 11 12

205 14
  0 1 2 3
  1 0 2 4
  2 0 1 5
  3 0 4 6
  4 1 3 7
  5 2 8 9
  6 3 8 10
  7 4 9 11
  8 5 6 12
  9 5 7 13
 10 6 11 13
 11 7 10 12
 12 8 11 13
 13 9 10 12

206 14
  0 1 2 3
  1 0 2 4
  2 0 1 5
  3 0 4 6
  4 1 3 7
  5 2 8 9
  6 3 8 10
  7 4 9 11
  8 5 6 12
  9 5 7 13
 10 6 12 13
 11 7 12 13
 12 8 10 11
 13 9 10 11

207 14
  0 1 2 3
  1 0 2 4
  2 0 1 5
  3 0 4 6
  4 1 3 7
  5 2 8 9
  6 3 8 10
  7 4 10 11
  8 5 6 9
  9 5 8 12
 10 6 7 13
 11 7 12 13
 12 9 11 13
 13 10 11 12

208 14
  0 1 2 3
  1 0 2 4
  2 0 1 5
  3 0 4 6
  4 1 3 7
  5 2 8 9
  6 3 8 10
  7 4 10 11
  8 5 6 11
  9 5 12 13
 10 6 7 12
 11 7 8 13
 12 9 10 13
 13 9 11 12

209 14
  0 1 2 3
  1 0 2 4
  2 0 1 5
  3 0 4 6
  4 1 3 7
  5 2 8 9
  6 3 8 10
  7 4 10 11
  8 5 6 12
  9 5 10 13
 10 6 7 9
 11 7 12 13
 12 8 11 13
 13 9 11 12

210 14
  0 1 2 3
  1 0 2 4
  2 0 1 5
  3 0 4 6
  4 1 3 7
  5 2 8 9
  6 3 8 10
  7 4 10 11
  8 5 6 12
  9 5 11 12
 10 6 7 13
 11 7 9 13
 12 8 9 13
 13 10 11 12

211 14
  0 1 2 3
  1 0 2 4
  2 0 1 5
  3 0 4 6
  4 1 3 7
  5 2 8 9
  6 3 8 10
  7 4 10 11
  8 5 6 12
  9 5 11 13
 10 6 7 12
 11 7 9 13
 12 8 10 13
 13 9 11 12

212 14
  0 1 2 3
  1 0 2 4
  2 0 1 5
  3 0 4 6
  4 1 3 7
  5 2 8 9
  6 3 8 10
  7 4 10 11
  8 5 6 12
  9 5 11 13
 10 6 7 13
 11 7 9 12
 12 8 11 13
 13 9 10 12

213 14
  0 1 2 3
  1 0 2 4
  2 0 1 5
  3 0 4 6
  4 1 3 7
  5 2 8 9
  6 3 8 10
  7 4 10 11
  8 5 6 12
  9 5 12 13
 10 6 7 11
 11 7 10 13
 12 8 9 13
 13 9 11 12

214 14
  0 1 2 3
  1 0 2 4
  2 0 1 5
  3 0 4 6
  4 1 3 7
  5 2 8 9
  6 3 8 10
  7 4 10 11
  8 5 6 12
  9 5 12 13
 10 6 7 13
 11 7 12 13
 12 8 9 11
 13 9 10 11

215 14
  0 1 2 3
  1 0 2 4
  2 0 1 5
  3 0 4 6
  4 1 3 7
  5 2 8 9
  6 3 8 10
  7 4 11 12
  8 5 6 9
  9 5 8 13
 10 6 11 12
 11 7 10 13
 12 7 10 13
 13 9 11 12

216 14
  0 1 2 3
  1 0 2 4
  2 0 1 5
  3 0 4 6
  4 1 3 7
  5 2 8 9
  6 3 8 10
  7 4 11 12
  8 5 6 10
  9 5 11 12
 10 6 8 13
 11 7 9 13
 12 7 9 13
 13 10 11 12

217 14
  0 1 2 3
  1 0 2 4
  2 0 1 5
  3 0 4 6
  4 1 3 7
  5 2 8 9
  6 3 8 10
  7 4 11 12
  8 5 6 10
  9 5 11 13
 10 6 8 12
 11 7 9 13
 12 7 10 13
 13 9 11 12

218 14
  0 1 2 3
  1 0 2 4
  2 0 1 5
  3 0 4 6
  4 1 3 7
  5 2 8 9
  6 3 8 10
  7 4 11 12
  8 5 6 10
  9 5 11 13
 10 6 8 13
 11 7 9 12
 12 7 11 13
 13 9 10 12

219 14
  0 1 2 3
  1 0 2 4
  2 0 1 5
  3 0 4 6
  4 1 3 7
  5 2 8 9
  6 3 8 10
  7 4 11 12
  8 5 6 11
  9 5 10 12
 10 6 9 13
 11 7 8 13
 12 7 9 13
 13 10 11 12

220 14
  0 1 2 3
  1 0 2 4
  2 0 1 5
  3 0 4 6
  4 1 3 7
  5 2 8 9
  6 3 8 10
  7 4 11 12
  8 5 6 11
  9 5 10 13
 10 6 9 12
 11 7 8 13
 12 7 10 13
 13 9 11 12

221 14
  0 1 2 3
  1 0 2 4
  2 0 1 5
  3 0 4 6
  4 1 3 7
  5 2 8 9
  6 3 8 10
  7 4 11 12
  8 5 6 11
  9 5 10 13
 10 6 9 13
 11 7 8 12
 12 7 11 13
 13 9 10 12

222 14
  0 1 2 3
  1 0 2 4
  2 0 1 5
  3 0 4 6
  4 1 3 7
  5 2 8 9
  6 3 8 10
  7 4 11 12
  8 5 6 11
  9 5 11 13
 10 6 12 13
 11 7 8 9
 12 7 10 13
 13 9 10 12

223 14
  0 1 2 3
  1 0 2 4
  2 0 1 5
  3 0 4 6
  4 1 3 7
  5 2 8 9
  6 3 8 10
  7 4 11 12
  8 5 6 11
  9 5 12 13
 10 6 11 13
 11 7 8 10
 12 7 9 13
 13 9 10 12

224 14
  0 1 2 3
  1 0 2 4
  2 0 1 5
  3 0 4 6
  4 1 3 7
  5 2 8 9
  6 3 8 10
  7 4 11 12
  8 5 6 11
  9 5 12 13
 10 6 12 13
 11 7 8 13
 12 7 9 10
 13 9 10 11

225 14
  0 1 2 3
  1 0 2 4
  2 0 1 5
  3 0 4 6
  4 1 3 7
  5 2 8 9
  6 3 8 10
  7 4 11 12
  8 5 6 13
  9 5 10 11
 10 6 9 12
 11 7 9 13
 12 7 10 13
 13 8 11 12

226 14
  0 1 2 3
  1 0 2 4
  2 0 1 5
  3 0 4 6
  4 1 3 7
  5 2 8 9
  6 3 8 10
  7 4 11 12
  8 5 6 13
  9 5 10 11
 10 6 9 13
 11 7 9 12
 12 7 11 13
 13 8 10 12

227 14
  0 1 2 3
  1 0 2 4
  2 0 1 5
  3 0 4 6
  4 1 3 7
  5 2 8 9
  6 3 8 10
  7 4 11 12
  8 5 6 13
  9 5 10 13
 10 6 9 11
 11 7 10 12
 12 7 11 13
 13 8 9 12

228 14
  0 1 2 3
  1 0 2 4
  2 0 1 5
  3 0 4 6
  4 1 3 7
  5 2 8 9
  6 3 8 10
  7 4 11 12
  8 5 6 13
  9 5 11 12
 10 6 11 13
 11 7 9 10
 12 7 9 13
 13 8 10 12

229 14
  0 1 2 3
  1 0 2 4
  2 0 1 5
  3 0 4 6
  4 1 3 7
  5 2 8 9
  6 3 8 10
  7 4 11 12
  8 5 6 13
  9 5 11 13
 10 6 11 12
 11 7 9 10
 12 7 10 13
 13 8 9 12

230 14
  0 1 2 3
  1 0 2 4
  2 0 1 5
  3 0 4 6
  4 1 3 7
  5 2 8 9
  6 3 8 10
  7 4 11 12
  8 5 6 13
  9 5 11 13
 10 6 12 13
 11 7 9 12
 12 7 10 11
 13 8 9 10

231 14
  0 1 2 3
  1 0 2 4
  2 0 1 5
  3 0 4 6
  4 1 3 7
  5 2 8 9
  6 3 10 11
  7 4 10 11
  8 5 9 12
  9 5 8 13
 10 6 7 12
 11 6 7 13
 12 8 10 13
 13 9 11 12

232 14
  0 1 2 3
  1 0 2 4
  2 0 1 5
  3 0 4 6
  4 1 3 7
  5 2 8 9
  6 3 10 11
  7 4 10 11
  8 5 12 13
  9 5 12 13
 10 6 7 12
 11 6 7 13
 12 8 9 10
 13 8 9 11

233 14
  0 1 2 3
  1 0 2 4
  2 0 1 5
  3 0 4 6
  4 1 3 7
  5 2 8 9
  6 3 10 11
  7 4 10 12
  8 5 9 10
  9 5 8 13
 10 6 7 8
 11 6 12 13
 12 7 11 13
 13 9 11 12

234 14
  0 1 2 3
  1 0 2 4
  2 0 1 5
  3 0 4 6
  4 1 3 7
  5 2 8 9
  6 3 10 11
  7 4 10 12
  8 5 9 11
  9 5 8 12
 10 6 7 13
 11 6 8 13
 12 7 9 13
 13 10 11 12

235 14
  0 1 2 3
  1 0 2 4
  2 0 1 5
  3 0 4 6
  4 1 3 7
  5 2 8 9
  6 3 10 11
  7 4 10 12
  8 5 9 11
  9 5 8 13
 10 6 7 12
 11 6 8 13
 12 7 10 13
 13 9 11 12

236 14
  0 1 2 3
  1 0 2 4
  2 0 1 5
  3 0 4 6
  4 1 3 7
  5 2 8 9
  6 3 10 11
  7 4 10 12
  8 5 9 11
  9 5 8 13
 10 6 7 13
 11 6 8 12
 12 7 11 13
 13 9 10 12

237 14
  0 1 2 3
  1 0 2 4
  2 0 1 5
  3 0 4 6
  4 1 3 7
  5 2 8 9
  6 3 10 11
  7 4 10 12
  8 5 10 11
  9 5 12 13
 10 6 7 8
 11 6 8 13
 12 7 9 13
 13 9 11 12

238 14
  0 1 2 3
  1 0 2 4
  2 0 1 5
  3 0 4 6
  4 1 3 7
  5 2 8 9
  6 3 10 11
  7 4 10 12
  8 5 10 13
  9 5 11 12
 10 6 7 8
 11 6 9 13
 12 7 9 13
 13 8 11 12

239 14
  0 1 2 3
  1 0 2 4
  2 0 1 5
  3 0 4 6
  4 1 3 7
  5 2 8 9
  6 3 10 11
  7 4 10 12
  8 5 10 13
  9 5 11 13
 10 6 7 8
 11 6 9 12
 12 7 11 13
 13 8 9 12

240 14
  0 1 2 3
  1 0 2 4
  2 0 1 5
  3 0 4 6
  4 1 3 7
  5 2 8 9
  6 3 10 11
  7 4 10 12
  8 5 11 12
  9 5 11 13
 10 6 7 13
 11 6 8 9
 12 7 8 13
 13 9 10 12

241 14
  0 1 2 3
  1 0 2 4
  2 0 1 5
  3 0 4 6
  4 1 3 7
  5 2 8 9
  6 3 10 11
  7 4 10 12
  8 5 11 13
  9 5 11 13
 10 6 7 12
 11 6 8 9
 12 7 10 13
 13 8 9 12

242 14
  0 1 2 3
  1 0 2 4
  2 0 1 5
  3 0 4 6
  4 1 3 7
  5 2 8 9
  6 3 10 11
  7 4 10 12
  8 5 11 13
  9 5 12 13
 10 6 7 13
 11 6 8 12
 12 7 9 11
 13 8 9 10

243 14
  0 1 2 3
  1 0 2 4
  2 0 1 5
  3 0 4 6
  4 1 3 7
  5 2 8 9
  6 3 10 11
  7 4 12 13
  8 5 9 10
  9 5 8 11
 10 6 8 12
 11 6 9 13
 12 7 10 13
 13 7 11 12

244 14
  0 1 2 3
  1 0 2 4
  2 0 1 5
  3 0 4 6
  4 1 3 7
  5 2 8 9
  6 3 10 11
  7 4 12 13
  8 5 9 10
  9 5 8 12
 10 6 8 11
 11 6 10 13
 12 7 9 13
 13 7 11 12

245 14
  0 1 2 3
  1 0 2 4
  2 0 1 5
  3 0 4 6
  4 1 3 7
  5 2 8 9
  6 3 10 11
  7 4 12 13
  8 5 9 10
  9 5 8 12
 10 6 8 13
 11 6 12 13
 12 7 9 11
 13 7 10 11

246 14
  0 1 2 3
  1 0 2 4
  2 0 1 5
  3 0 4 6
  4 1 3 7
  5 2 8 9
  6 3 10 11
  7 4 12 13
  8 5 10 11
  9 5 10 12
 10 6 8 9
 11 6 8 13
 12 7 9 13
 13 7 11 12

247 14
  0 1 2 3
  1 0 2 4
  2 0 1 5
  3 0 4 6
  4 1 3 7
  5 2 8 9
  6 3 10 11
  7 4 12 13
  8 5 10 11
  9 5 12 13
 10 6 8 12
 11 6 8 13
 12 7 9 10
 13 7 9 11

248 14
  0 1 2 3
  1 0 2 4
  2 0 1 5
  3 0 4 6
  4 1 3 7
  5 2 8 9
  6 3 10 11
  7 4 12 13
  8 5 10 12
  9 5 10 13
 10 6 8 9
 11 6 12 13
 12 7 8 11
 13 7 9 11

249 14
  0 1 2 3
  1 0 2 4
  2 0 1 5
  3 0 4 6
  4 1 3 7
  5 2 8 9
  6 3 10 11
  7 4 12 13
  8 5 10 12
  9 5 11 13
 10 6 8 11
 11 6 9 10
 12 7 8 13
 13 7 9 12

250 14
  0 1 2 3
  1 0 2 4
  2 0 1 5
  3 0 4 6
  4 1 3 7
  5 2 8 9
  6 3 10 11
  7 4 12 13
  8 5 10 12
  9 5 11 13
 10 6 8 12
 11 6 9 13
 12 7 8 10
 13 7 9 11

251 14
  0 1 2 3
  1 0 2 4
  2 0 1 5
  3 0 4 6
  4 1 3 7
  5 2 8 9
  6 3 10 11
  7 4 12 13
  8 5 10 12
  9 5 11 13
 10 6 8 13
 11 6 9 12
 12 7 8 11
 13 7 9 10

252 14
  0 1 2 3
  1 0 2 4
  2 0 1 5
  3 0 6 7
  4 1 6 7
  5 2 6 8
  6 3 4 5
  7 3 4 9
  8 5 10 11
  9 7 12 13
 10 8 12 13
 11 8 12 13
 12 9 10 11
 13 9 10 11

253 14
  0 1 2 3
  1 0 2 4
  2 0 1 5
  3 0 6 7
  4 1 6 7
  5 2 8 9
  6 3 4 8
  7 3 4 10
  8 5 6 11
  9 5 12 13
 10 7 12 13
 11 8 12 13
 12 9 10 11
 13 9 10 11

254 14
  0 1 2 3
  1 0 2 4
  2 0 1 5
  3 0 6 7
  4 1 6 7
  5 2 8 9
  6 3 4 10
  7 3 4 10
  8 5 11 12
  9 5 11 12
 10 6 7 13
 11 8 9 13
 12 8 9 13
 13 10 11 12

255 14
  0 1 2 3
  1 0 2 4
  2 0 1 5
  3 0 6 7
  4 1 6 7
  5 2 8 9
  6 3 4 10
  7 3 4 11
  8 5 9 10
  9 5 8 12
 10 6 8 13
 11 7 12 13
 12 9 11 13
 13 10 11 12

256 14
  0 1 2 3
  1 0 2 4
  2 0 1 5
  3 0 6 7
  4 1 6 7
  5 2 8 9
  6 3 4 10
  7 3 4 11
  8 5 9 12
  9 5 8 13
 10 6 12 13
 11 7 12 13
 12 8 10 11
 13 9 10 11

257 14
  0 1 2 3
  1 0 2 4
  2 0 1 5
  3 0 6 7
  4 1 6 7
  5 2 8 9
  6 3 4 10
  7 3 4 11
  8 5 10 11
  9 5 12 13
 10 6 8 12
 11 7 8 13
 12 9 10 13
 13 9 11 12

258 14
  0 1 2 3
  1 0 2 4
  2 0 1 5
  3 0 6 7
  4 1 6 7
  5 2 8 9
  6 3 4 10
  7 3 4 11
  8 5 10 12
  9 5 10 13
 10 6 8 9
 11 7 12 13
 12 8 11 13
 13 9 11 12

259 14
  0 1 2 3
  1 0 2 4
  2 0 1 5
  3 0 6 7
  4 1 6 7
  5 2 8 9
  6 3 4 10
  7 3 4 11
  8 5 10 12
  9 5 11 12
 10 6 8 13
 11 7 9 13
 12 8 9 13
 13 10 11 12

260 14
  0 1 2 3
  1 0 2 4
  2 0 1 5
  3 0 6 7
  4 1 6 7
  5 2 8 9
  6 3 4 10
  7 3 4 11
  8 5 10 12
  9 5 11 13
 10 6 8 12
 11 7 9 13
 12 8 10 13
 13 9 11 12

261 14
  0 1 2 3
  1 0 2 4
  2 0 1 5
  3 0 6 7
  4 1 6 7
  5 2 8 9
  6 3 4 10
  7 3 4 11
  8 5 10 12
  9 5 11 13
 10 6 8 13
 11 7 9 12
 12 8 11 13
 13 9 10 12

262 14
  0 1 2 3
  1 0 2 4
  2 0 1 5
  3 0 6 7
  4 1 6 7
  5 2 8 9
  6 3 4 10
  7 3 4 11
  8 5 10 12
  9 5 12 13
 10 6 8 13
 11 7 12 13
 12 8 9 11
 13 9 10 11

263 14
  0 1 2 3
  1 0 2 4
  2 0 1 5
  3 0 6 7
  4 1 6 7
  5 2 8 9
  6 3 4 10
  7 3 4 11
  8 5 12 13
  9 5 12 13
 10 6 11 12
 11 7 10 13
 12 8 9 10
 13 8 9 11

264 14
  0 1 2 3
  1 0 2 4
  2 0 1 5
  3 0 6 7
  4 1 6 8
  5 2 6 9
  6 3 4 5
  7 3 8 10
  8 4 7 11
  9 5 12 13
 10 7 12 13
 11 8 12 13
 12 9 10 11
 13 9 10 11

265 14
  0 1 2 3
  1 0 2 4
  2 0 1 5
  3 0 6 7
  4 1 6 8
  5 2 6 9
  6 3 4 5
  7 3 10 11
  8 4 10 12
  9 5 10 13
 10 7 8 9
 11 7 12 13
 12 8 11 13
 13 9 11 12

266 14
  0 1 2 3
  1 0 2 4
  2 0 1 5
  3 0 6 7
  4 1 6 8
  5 2 6 9
  6 3 4 5
  7 3 10 11
  8 4 10 12
  9 5 11 12
 10 7 8 13
 11 7 9 13
 12 8 9 13
 13 10 11 12

267 14
  0 1 2 3
  1 0 2 4
  2 0 1 5
  3 0 6 7
  4 1 6 8
  5 2 6 9
  6 3 4 5
  7 3 10 11
  8 4 10 12
  9 5 11 13
 10 7 8 12
 11 7 9 13
 12 8 10 13
 13 9 11 12

268 14
  0 1 2 3
  1 0 2 4
  2 0 1 5
  3 0 6 7
  4 1 6 8
  5 2 6 9
  6 3 4 5
  7 3 10 11
  8 4 10 12
  9 5 11 13
 10 7 8 13
 11 7 9 12
 12 8 11 13
 13 9 10 12

269 14
  0 1 2 3
  1 0 2 4
  2 0 1 5
  3 0 6 7
  4 1 6 8
  5 2 7 8
  6 3 4 9
  7 3 5 10
  8 4 5 11
  9 6 12 13
 10 7 12 13
 11 8 12 13
 12 9 10 11
 13 9 10 11

270 14
  0 1 2 3
  1 0 2 4
  2 0 1 5
  3 0 6 7
  4 1 6 8
  5 2 7 9
  6 3 4 7
  7 3 5 6
  8 4 10 11
  9 5 12 13
 10 8 12 13
 11 8 12 13
 12 9 10 11
 13 9 10 11

271 14
  0 1 2 3
  1 0 2 4
  2 0 1 5
  3 0 6 7
  4 1 6 8
  5 2 7 9
  6 3 4 8
  7 3 5 10
  8 4 6 11
  9 5 12 13
 10 7 12 13
 11 8 12 13
 12 9 10 11
 13 9 10 11

272 14
  0 1 2 3
  1 0 2 4
  2 0 1 5
  3 0 6 7
  4 1 6 8
  5 2 7 9
  6 3 4 9
  7 3 5 10
  8 4 11 12
  9 5 6 13
 10 7 11 12
 11 8 10 13
 12 8 10 13
 13 9 11 12

273 14
  0 1 2 3
  1 0 2 4
  2 0 1 5
  3 0 6 7
  4 1 6 8
  5 2 7 9
  6 3 4 10
  7 3 5 10
  8 4 11 12
  9 5 11 12
 10 6 7 13
 11 8 9 13
 12 8 9 13
 13 10 11 12

274 14
  0 1 2 3
  1 0 2 4
  2 0 1 5
  3 0 6 7
  4 1 6 8
  5 2 7 9
  6 3 4 10
  7 3 5 11
  8 4 9 10
  9 5 8 12
 10 6 8 13
 11 7 12 13
 12 9 11 13
 13 10 11 12

275 14
  0 1 2 3
  1 0 2 4
  2 0 1 5
  3 0 6 7
  4 1 6 8
  5 2 7 9
  6 3 4 10
  7 3 5 11
  8 4 9 11
  9 5 8 12
 10 6 12 13
 11 7 8 13
 12 9 10 13
 13 10 11 12

276 14
  0 1 2 3
  1 0 2 4
  2 0 1 5
  3 0 6 7
  4 1 6 8
  5 2 7 9
  6 3 4 10
  7 3 5 11
  8 4 9 12
  9 5 8 12
 10 6 11 13
 11 7 10 13
 12 8 9 13
 13 10 11 12

277 14
  0 1 2 3
  1 0 2 4
  2 0 1 5
  3 0 6 7
  4 1 6 8
  5 2 7 9
  6 3 4 10
  7 3 5 11
  8 4 9 12
  9 5 8 13
 10 6 11 12
 11 7 10 13
 12 8 10 13
 13 9 11 12

278 14
  0 1 2 3
  1 0 2 4
  2 0 1 5
  3 0 6 7
  4 1 6 8
  5 2 7 9
  6 3 4 10
  7 3 5 11
  8 4 9 12
  9 5 8 13
 10 6 11 13
 11 7 10 12
 12 8 11 13
 13 9 10 12

279 14
  0 1 2 3
  1 0 2 4
  2 0 1 5
  3 0 6 7
  4 1 6 8
  5 2 7 9
  6 3 4 10
  7 3 5 11
  8 4 9 12
  9 5 8 13
 10 6 12 13
 11 7 12 13
 12 8 10 11
 13 9 10 11

280 14
  0 1 2 3
  1 0 2 4
  2 0 1 5
  3 0 6 7
  4 1 6 8
  5 2 7 9
  6 3 4 10
  7 3 5 11
  8 4 10 11
  9 5 12 13
 10 6 8 12
 11 7 8 13
 12 9 10 13
 13 9 11 12

281 14
  0 1 2 3
  1 0 2 4
  2 0 1 5
  3 0 6 7
  4 1 6 8
  5 2 7 9
  6 3 4 10
  7 3 5 11
  8 4 10 12
  9 5 10 13
 10 6 8 9
 11 7 12 13
 12 8 11 13
 13 9 11 12

282 14
  0 1 2 3
  1 0 2 4
  2 0 1 5
  3 0 6 7
  4 1 6 8
  5 2 7 9
  6 3 4 10
  7 3 5 11
  8 4 10 12
  9 5 11 12
 10 6 8 13
 11 7 9 13
 12 8 9 13
 13 10 11 12

283 14
  0 1 2 3
  1 0 2 4
  2 0 1 5
  3 0 6 7
  4 1 6 8
  5 2 7 9
  6 3 4 10
  7 3 5 11
  8 4 10 12
  9 5 11 13
 10 6 8 13
 11 7 9 12
 12 8 11 13
 13 9 10 12

284 14
  0 1 2 3
  1 0 2 4
  2 0 1 5
  3 0 6 7
  4 1 6 8
  5 2 7 9
  6 3 4 10
  7 3 5 11
  8 4 10 12
  9 5 12 13
 10 6 8 11
 11 7 10 13
 12 8 9 13
 13 9 11 12

285 14
  0 1 2 3
  1 0 2 4
  2 0 1 5
  3 0 6 7
  4 1 6 8
  5 2 7 9
  6 3 4 10
  7 3 5 11
  8 4 10 12
  9 5 12 13
 10 6 8 13
 11 7 12 13
 12 8 9 11
 13 9 10 11

286 14
  0 1 2 3
  1 0 2 4
  2 0 1 5
  3 0 6 7
  4 1 6 8
  5 2 7 9
  6 3 4 10
  7 3 5 11
  8 4 11 12
  9 5 10 12
 10 6 9 13
 11 7 8 13
 12 8 9 13
 13 10 11 12

287 14
  0 1 2 3
  1 0 2 4
  2 0 1 5
  3 0 6 7
  4 1 6 8
  5 2 7 9
  6 3 4 10
  7 3 5 11
  8 4 11 12
  9 5 10 13
 10 6 9 12
 11 7 8 13
 12 8 10 13
 13 9 11 12

288 14
  0 1 2 3
  1 0 2 4
  2 0 1 5
  3 0 6 7
  4 1 6 8
  5 2 7 9
  6 3 4 10
  7 3 5 11
  8 4 11 12
  9 5 10 13
 10 6 9 13
 11 7 8 12
 12 8 11 13
 13 9 10 12

289 14
  0 1 2 3
  1 0 2 4
  2 0 1 5
  3 0 6 7
  4 1 6 8
  5 2 7 9
  6 3 4 10
  7 3 5 11
  8 4 11 12
  9 5 12 13
 10 6 11 13
 11 7 8 10
 12 8 9 13
 13 9 10 12

290 14
  0 1 2 3
  1 0 2 4
  2 0 1 5
  3 0 6 7
  4 1 6 8
  5 2 7 9
  6 3 4 10
  7 3 5 11
  8 4 11 12
  9 5 12 13
 10 6 12 13
 11 7 8 13
 12 8 9 10
 13 9 10 11

291 14
  0 1 2 3
  1 0 2 4
  2 0 1 5
  3 0 6 7
  4 1 6 8
  5 2 7 9
  6 3 4 10
  7 3 5 11
  8 4 12 13
  9 5 12 13
 10 6 11 12
 11 7 10 13
 12 8 9 10
 13 8 9 11

292 14
  0 1 2 3
  1 0 2 4
  2 0 1 5
  3 0 6 7
  4 1 6 8
  5 2 9 10
  6 3 4 7
  7 3 6 9
  8 4 11 12
  9 5 7 13
 10 5 11 12
 11 8 10 13
 12 8 10 13
 13 9 11 12

293 14
  0 1 2 3
  1 0 2 4
  2 0 1 5
  3 0 6 7
  4 1 6 8
  5 2 9 10
  6 3 4 7
  7 3 6 11
  8 4 9 12
  9 5 8 10
 10 5 9 13
 11 7 12 13
 12 8 11 13
 13 10 11 12

294 14
  0 1 2 3
  1 0 2 4
  2 0 1 5
  3 0 6 7
  4 1 6 8
  5 2 9 10
  6 3 4 7
  7 3 6 11
  8 4 9 12
  9 5 8 12
 10 5 11 13
 11 7 10 13
 12 8 9 13
 13 10 11 12

295 14
  0 1 2 3
  1 0 2 4
  2 0 1 5
  3 0 6 7
  4 1 6 8
  5 2 9 10
  6 3 4 7
  7 3 6 11
  8 4 9 12
  9 5 8 13
 10 5 11 12
 11 7 10 13
 12 8 10 13
 13 9 11 12

296 14
  0 1 2 3
  1 0 2 4
  2 0 1 5
  3 0 6 7
  4 1 6 8
  5 2 9 10
  6 3 4 7
  7 3 6 11
  8 4 9 12
  9 5 8 13
 10 5 11 13
 11 7 10 12
 12 8 11 13
 13 9 10 12

297 14
  0 1 2 3
  1 0 2 4
  2 0 1 5
  3 0 6 7
  4 1 6 8
  5 2 9 10
  6 3 4 7
  7 3 6 11
  8 4 9 12
  9 5 8 13
 10 5 12 13
 11 7 12 13
 12 8 10 11
 13 9 10 11

298 14
  0 1 2 3
  1 0 2 4
  2 0 1 5
  3 0 6 7
  4 1 6 8
  5 2 9 10
  6 3 4 9
  7 3 8 11
  8 4 7 12
  9 5 6 13
 10 5 11 12
 11 7 10 13
 12 8 10 13
 13 9 11 12

299 14
  0 1 2 3
  1 0 2 4
  2 0 1 5
  3 0 6 7
  4 1 6 8
  5 2 9 10
  6 3 4 9
  7 3 8 11
  8 4 7 12
  9 5 6 13
 10 5 11 13
 11 7 10 12
 12 8 11 13
 13 9 10 12

300 14
  0 1 2 3
  1 0 2 4
  2 0 1 5
  3 0 6 7
  4 1 6 8
  5 2 9 10
  6 3 4 9
  7 3 9 11
  8 4 12 13
  9 5 6 7
 10 5 12 13
 11 7 12 13
 12 8 10 11
 13 8 10 11

301 14
  0 1 2 3
  1 0 2 4
  2 0 1 5
  3 0 6 7
  4 1 6 8
  5 2 9 10
  6 3 4 9
  7 3 10 11
  8 4 10 12
  9 5 6 13
 10 5 7 8
 11 7 12 13
 12 8 11 13
 13 9 11 12

302 14
  0 1 2 3
  1 0 2 4
  2 0 1 5
  3 0 6 7
  4 1 6 8
  5 2 9 10
  6 3 4 9
  7 3 10 11
  8 4 11 12
  9 5 6 12
 10 5 7 13
 11 7 8 13
 12 8 9 13
 13 10 11 12

303 14
  0 1 2 3
  1 0 2 4
  2 0 1 5
  3 0 6 7
  4 1 6 8
  5 2 9 10
  6 3 4 9
  7 3 10 11
  8 4 11 12
  9 5 6 13
 10 5 7 12
 11 7 8 13
 12 8 10 13
 13 9 11 12

304 14
  0 1 2 3
  1 0 2 4
  2 0 1 5
  3 0 6 7
  4 1 6 8
  5 2 9 10
  6 3 4 9
  7 3 10 11
  8 4 11 12
  9 5 6 13
 10 5 7 13
 11 7 8 12
 12 8 11 13
 13 9 10 12

305 14
  0 1 2 3
  1 0 2 4
  2 0 1 5
  3 0 6 7
  4 1 6 8
  5 2 9 10
  6 3 4 9
  7 3 10 11
  8 4 12 13
  9 5 6 11
 10 5 7 12
 11 7 9 13
 12 8 10 13
 13 8 11 12

306 14
  0 1 2 3
  1 0 2 4
  2 0 1 5
  3 0 6 7
  4 1 6 8
  5 2 9 10
  6 3 4 9
  7 3 10 11
  8 4 12 13
  9 5 6 12
 10 5 7 11
 11 7 10 13
 12 8 9 13
 13 8 11 12

307 14
  0 1 2 3
  1 0 2 4
  2 0 1 5
  3 0 6 7
  4 1 6 8
  5 2 9 10
  6 3 4 9
  7 3 10 11
  8 4 12 13
  9 5 6 12
 10 5 7 13
 11 7 12 13
 12 8 9 11
 13 8 10 11

308 14
  0 1 2 3
  1 0 2 4
  2 0 1 5
  3 0 6 7
  4 1 6 8
  5 2 9 10
  6 3 4 9
  7 3 11 12
  8 4 11 12
  9 5 6 10
 10 5 9 13
 11 7 8 13
 12 7 8 13
 13 10 11 12

309 14
  0 1 2 3
  1 0 2 4
  2 0 1 5
  3 0 6 7
  4 1 6 8
  5 2 9 10
  6 3 4 9
  7 3 11 12
  8 4 11 12
  9 5 6 13
 10 5 11 13
 11 7 8 10
 12 7 8 13
 13 9 10 12

310 14
  0 1 2 3
  1 0 2 4
  2 0 1 5
  3 0 6 7
  4 1 6 8
  5 2 9 10
  6 3 4 9
  7 3 11 12
  8 4 11 13
  9 5 6 11
 10 5 12 13
 11 7 8 9
 12 7 10 13
 13 8 10 12

311 14
  0 1 2 3
  1 0 2 4
  2 0 1 5
  3 0 6 7
  4 1 6 8
  5 2 9 10
  6 3 4 9
  7 3 11 12
  8 4 11 13
  9 5 6 12
 10 5 11 13
 11 7 8 10
 12 7 9 13
 13 8 10 12

312 14
  0 1 2 3
  1 0 2 4
  2 0 1 5
  3 0 6 7
  4 1 6 8
  5 2 9 10
  6 3 4 9
  7 3 11 12
  8 4 11 13
  9 5 6 12
 10 5 12 13
 11 7 8 13
 12 7 9 10
 13 8 10 11

313 14
  0 1 2 3
  1 0 2 4
  2 0 1 5
  3 0 6 7
  4 1 6 8
  5 2 9 10
  6 3 4 11
  7 3 8 9
  8 4 7 10
  9 5 7 12
 10 5 8 13
 11 6 12 13
 12 9 11 13
 13 10 11 12

314 14
  0 1 2 3
  1 0 2 4
  2 0 1 5
  3 0 6 7
  4 1 6 8
  5 2 9 10
  6 3 4 11
  7 3 8 9
  8 4 7 12
  9 5 7 10
 10 5 9 13
 11 6 12 13
 12 8 11 13
 13 10 11 12

315 14
  0 1 2 3
  1 0 2 4
  2 0 1 5
  3 0 6 7
  4 1 6 8
  5 2 9 10
  6 3 4 11
  7 3 8 9
  8 4 7 12
  9 5 7 12
 10 5 11 13
 11 6 10 13
 12 8 9 13
 13 10 11 12

316 14
  0 1 2 3
  1 0 2 4
  2 0 1 5
  3 0 6 7
  4 1 6 8
  5 2 9 10
  6 3 4 11
  7 3 8 9
  8 4 7 12
  9 5 7 13
 10 5 11 12
 11 6 10 13
 12 8 10 13
 13 9 11 12

317 14
  0 1 2 3
  1 0 2 4
  2 0 1 5
  3 0 6 7
  4 1 6 8
  5 2 9 10
  6 3 4 11
  7 3 8 9
  8 4 7 12
  9 5 7 13
 10 5 11 13
 11 6 10 12
 12 8 11 13
 13 9 10 12

318 14
  0 1 2 3
  1 0 2 4
  2 0 1 5
  3 0 6 7
  4 1 6 8
  5 2 9 10
  6 3 4 11
  7 3 8 9
  8 4 7 12
  9 5 7 13
 10 5 12 13
 11 6 12 13
 12 8 10 11
 13 9 10 11

319 14
  0 1 2 3
  1 0 2 4
  2 0 1 5
  3 0 6 7
  4 1 6 8
  5 2 9 10
  6 3 4 11
  7 3 8 11
  8 4 7 12
  9 5 12 13
 10 5 12 13
 11 6 7 13
 12 8 9 10
 13 9 10 11

320 14
  0 1 2 3
  1 0 2 4
  2 0 1 5
  3 0 6 7
  4 1 6 8
  5 2 9 10
  6 3 4 11
  7 3 8 12
  8 4 7 12
  9 5 11 13
 10 5 11 13
 11 6 9 10
 12 7 8 13
 13 9 10 12

321 14
  0 1 2 3
  1 0 2 4
  2 0 1 5
  3 0 6 7
  4 1 6 8
  5 2 9 10
  6 3 4 11
  7 3 8 12
  8 4 7 13
  9 5 10 11
 10 5 9 12
 11 6 9 13
 12 7 10 13
 13 8 11 12

322 14
  0 1 2 3
  1 0 2 4
  2 0 1 5
  3 0 6 7
  4 1 6 8
  5 2 9 10
  6 3 4 11
  7 3 8 12
  8 4 7 13
  9 5 10 12
 10 5 9 13
 11 6 12 13
 12 7 9 11
 13 8 10 11

323 14
  0 1 2 3
  1 0 2 4
  2 0 1 5
  3 0 6 7
  4 1 6 8
  5 2 9 10
  6 3 4 11
  7 3 8 12
  8 4 7 13
  9 5 11 12
 10 5 11 13
 11 6 9 10
 12 7 9 13
 13 8 10 12

324 14
  0 1 2 3
  1 0 2 4
  2 0 1 5
  3 0 6 7
  4 1 6 8
  5 2 9 10
  6 3 4 11
  7 3 8 12
  8 4 7 13
  9 5 11 12
 10 5 12 13
 11 6 9 13
 12 7 9 10
 13 8 10 11

325 14
  0 1 2 3
  1 0 2 4
  2 0 1 5
  3 0 6 7
  4 1 6 8
  5 2 9 10
  6 3 4 11
  7 3 9 10
  8 4 9 12
  9 5 7 8
 10 5 7 13
 11 6 12 13
 12 8 11 13
 13 10 11 12

326 14
  0 1 2 3
  1 0 2 4
  2 0 1 5
  3 0 6 7
  4 1 6 8
  5 2 9 10
  6 3 4 11
  7 3 9 10
  8 4 11 12
  9 5 7 12
 10 5 7 13
 11 6 8 13
 12 8 9 13
 13 10 11 12

327 14
  0 1 2 3
  1 0 2 4
  2 0 1 5
  3 0 6 7
  4 1 6 8
  5 2 9 10
  6 3 4 11
  7 3 9 10
  8 4 12 13
  9 5 7 11
 10 5 7 12
 11 6 9 13
 12 8 10 13
 13 8 11 12

328 14
  0 1 2 3
  1 0 2 4
  2 0 1 5
  3 0 6 7
  4 1 6 8
  5 2 9 10
  6 3 4 11
  7 3 9 10
  8 4 12 13
  9 5 7 12
 10 5 7 13
 11 6 12 13
 12 8 9 11
 13 8 10 11

329 14
  0 1 2 3
  1 0 2 4
  2 0 1 5
  3 0 6 7
  4 1 6 8
  5 2 9 10
  6 3 4 11
  7 3 9 11
  8 4 10 12
  9 5 7 12
 10 5 8 13
 11 6 7 13
 12 8 9 13
 13 10 11 12

330 14
  0 1 2 3
  1 0 2 4
  2 0 1 5
  3 0 6 7
  4 1 6 8
  5 2 9 10
  6 3 4 11
  7 3 9 11
  8 4 10 12
  9 5 7 13
 10 5 8 12
 11 6 7 13
 12 8 10 13
 13 9 11 12

331 14
  0 1 2 3
  1 0 2 4
  2 0 1 5
  3 0 6 7
  4 1 6 8
  5 2 9 10
  6 3 4 11
  7 3 9 11
  8 4 10 12
  9 5 7 13
 10 5 8 13
 11 6 7 12
 12 8 11 13
 13 9 10 12

332 14
  0 1 2 3
  1 0 2 4
  2 0 1 5
  3 0 6 7
  4 1 6 8
  5 2 9 10
  6 3 4 11
  7 3 9 11
  8 4 12 13
  9 5 7 10
 10 5 9 12
 11 6 7 13
 12 8 10 13
 13 8 11 12

333 14
  0 1 2 3
  1 0 2 4
  2 0 1 5
  3 0 6 7
  4 1 6 8
  5 2 9 10
  6 3 4 11
  7 3 9 11
  8 4 12 13
  9 5 7 12
 10 5 12 13
 11 6 7 13
 12 8 9 10
 13 8 10 11

334 14
  0 1 2 3
  1 0 2 4
  2 0 1 5
  3 0 6 7
  4 1 6 8
  5 2 9 10
  6 3 4 11
  7 3 9 12
  8 4 9 12
  9 5 7 8
 10 5 11 13
 11 6 10 13
 12 7 8 13
 13 10 11 12

335 14
  0 1 2 3
  1 0 2 4
  2 0 1 5
  3 0 6 7
  4 1 6 8
  5 2 9 10
  6 3 4 11
  7 3 9 12
  8 4 9 13
  9 5 7 8
 10 5 11 12
 11 6 10 13
 12 7 10 13
 13 8 11 12

336 14
  0 1 2 3
  1 0 2 4
  2 0 1 5
  3 0 6 7
  4 1 6 8
  5 2 9 10
  6 3 4 11
  7 3 9 12
  8 4 9 13
  9 5 7 8
 10 5 12 13
 11 6 12 13
 12 7 10 11
 13 8 10 11

337 14
  0 1 2 3
  1 0 2 4
  2 0 1 5
  3 0 6 7
  4 1 6 8
  5 2 9 10
  6 3 4 11
  7 3 9 12
  8 4 10 12
  9 5 7 11
 10 5 8 13
 11 6 9 13
 12 7 8 13
 13 10 11 12

338 14
  0 1 2 3
  1 0 2 4
  2 0 1 5
  3 0 6 7
  4 1 6 8
  5 2 9 10
  6 3 4 11
  7 3 9 12
  8 4 10 12
  9 5 7 13
 10 5 8 13
 11 6 12 13
 12 7 8 11
 13 9 10 11

339 14
  0 1 2 3
  1 0 2 4
  2 0 1 5
  3 0 6 7
  4 1 6 8
  5 2 9 10
  6 3 4 11
  7 3 9 12
  8 4 10 13
  9 5 7 11
 10 5 8 12
 11 6 9 13
 12 7 10 13
 13 8 11 12

340 14
  0 1 2 3
  1 0 2 4
  2 0 1 5
  3 0 6 7
  4 1 6 8
  5 2 9 10
  6 3 4 11
  7 3 9 12
  8 4 10 13
  9 5 7 11
 10 5 8 13
 11 6 9 12
 12 7 11 13
 13 8 10 12

341 14
  0 1 2 3
  1 0 2 4
  2 0 1 5
  3 0 6 7
  4 1 6 8
  5 2 9 10
  6 3 4 11
  7 3 9 12
  8 4 10 13
  9 5 7 12
 10 5 8 13
 11 6 12 13
 12 7 9 11
 13 8 10 11

342 14
  0 1 2 3
  1 0 2 4
  2 0 1 5
  3 0 6 7
  4 1 6 8
  5 2 9 10
  6 3 4 11
  7 3 9 12
  8 4 10 13
  9 5 7 13
 10 5 8 12
 11 6 12 13
 12 7 10 11
 13 8 9 11

343 14
  0 1 2 3
  1 0 2 4
  2 0 1 5
  3 0 6 7
  4 1 6 8
  5 2 9 10
  6 3 4 11
  7 3 9 12
  8 4 11 12
  9 5 7 10
 10 5 9 13
 11 6 8 13
 12 7 8 13
 13 10 11 12

344 14
  0 1 2 3
  1 0 2 4
  2 0 1 5
  3 0 6 7
  4 1 6 8
  5 2 9 10
  6 3 4 11
  7 3 9 12
  8 4 11 12
  9 5 7 13
 10 5 11 13
 11 6 8 10
 12 7 8 13
 13 9 10 12

345 14
  0 1 2 3
  1 0 2 4
  2 0 1 5
  3 0 6 7
  4 1 6 8
  5 2 9 10
  6 3 4 11
  7 3 9 12
  8 4 11 12
  9 5 7 13
 10 5 12 13
 11 6 8 13
 12 7 8 10
 13 9 10 11

346 14
  0 1 2 3
  1 0 2 4
  2 0 1 5
  3 0 6 7
  4 1 6 8
  5 2 9 10
  6 3 4 11
  7 3 9 12
  8 4 11 13
  9 5 7 10
 10 5 9 13
 11 6 8 12
 12 7 11 13
 13 8 10 12

347 14
  0 1 2 3
  1 0 2 4
  2 0 1 5
  3 0 6 7
  4 1 6 8
  5 2 9 10
  6 3 4 11
  7 3 9 12
  8 4 11 13
  9 5 7 12
 10 5 11 13
 11 6 8 10
 12 7 9 13
 13 8 10 12

348 14
  0 1 2 3
  1 0 2 4
  2 0 1 5
  3 0 6 7
  4 1 6 8
  5 2 9 10
  6 3 4 11
  7 3 9 12
  8 4 11 13
  9 5 7 13
 10 5 11 12
 11 6 8 10
 12 7 10 13
 13 8 9 12

349 14
  0 1 2 3
  1 0 2 4
  2 0 1 5
  3 0 6 7
  4 1 6 8
  5 2 9 10
  6 3 4 11
  7 3 9 12
  8 4 11 13
  9 5 7 13
 10 5 12 13
 11 6 8 12
 12 7 10 11
 13 8 9 10

350 14
  0 1 2 3
  1 0 2 4
  2 0 1 5
  3 0 6 7
  4 1 6 8
  5 2 9 10
  6 3 4 11
  7 3 9 12
  8 4 12 13
  9 5 7 10
 10 5 9 13
 11 6 12 13
 12 7 8 11
 13 8 10 11

351 14
  0 1 2 3
  1 0 2 4
  2 0 1 5
  3 0 6 7
  4 1 6 8
  5 2 9 10
  6 3 4 11
  7 3 9 12
  8 4 12 13
  9 5 7 11
 10 5 11 13
 11 6 9 10
 12 7 8 13
 13 8 10 12

352 14
  0 1 2 3
  1 0 2 4
  2 0 1 5
  3 0 6 7
  4 1 6 8
  5 2 9 10
  6 3 4 11
  7 3 9 12
  8 4 12 13
  9 5 7 11
 10 5 12 13
 11 6 9 13
 12 7 8 10
 13 8 10 11

353 14
  0 1 2 3
  1 0 2 4
  2 0 1 5
  3 0 6 7
  4 1 6 8
  5 2 9 10
  6 3 4 11
  7 3 9 12
  8 4 12 13
  9 5 7 12
 10 5 11 13
 11 6 10 13
 12 7 8 9
 13 8 10 11

354 14
  0 1 2 3
  1 0 2 4
  2 0 1 5
  3 0 6 7
  4 1 6 8
  5 2 9 10
  6 3 4 11
  7 3 9 12
  8 4 12 13
  9 5 7 13
 10 5 11 12
 11 6 10 13
 12 7 8 10
 13 8 9 11

355 14
  0 1 2 3
  1 0 2 4
  2 0 1 5
  3 0 6 7
  4 1 6 8
  5 2 9 10
  6 3 4 11
  7 3 9 12
  8 4 12 13
  9 5 7 13
 10 5 11 13
 11 6 10 12
 12 7 8 11
 13 8 9 10

356 14
  0 1 2 3
  1 0 2 4
  2 0 1 5
  3 0 6 7
  4 1 6 8
  5 2 9 10
  6 3 4 11
  7 3 11 12
  8 4 11 13
  9 5 12 13
 10 5 12 13
 11 6 7 8
 12 7 9 10
 13 8 9 10

357 14
  0 1 2 3
  1 0 2 4
  2 0 1 5
  3 0 6 7
  4 1 6 8
  5 2 9 10
  6 3 4 11
  7 3 11 12
  8 4 12 13
  9 5 10 11
 10 5 9 13
 11 6 7 9
 12 7 8 13
 13 8 10 12

358 14
  0 1 2 3
  1 0 2 4
  2 0 1 5
  3 0 6 7
  4 1 6 8
  5 2 9 10
  6 3 4 11
  7 3 11 12
  8 4 12 13
  9 5 11 13
 10 5 12 13
 11 6 7 9
 12 7 8 10
 13 8 9 10

359 14
  0 1 2 3
  1 0 2 4
  2 0 1 5
  3 0 6 7
  4 1 6 8
  5 2 9 10
  6 3 4 11
  7 3 12 13
  8 4 12 13
  9 5 10 11
 10 5 9 12
 11 6 9 13
 12 7 8 10
 13 7 8 11

360 14
  0 1 2 3
  1 0 2 4
  2 0 1 5
  3 0 6 7
  4 1 6 8
  5 2 9 10
  6 3 4 11
  7 3 12 13
  8 4 12 13
  9 5 11 12
 10 5 11 13
 11 6 9 10
 12 7 8 9
 13 7 8 10

361 14
  0 1 2 3
  1 0 2 4
  2 0 1 5
  3 0 6 7
  4 1 8 9
  5 2 10 11
  6 3 7 8
  7 3 6 10
  8 4 6 12
  9 4 11 12
 10 5 7 13
 11 5 9 13
 12 8 9 13
 13 10 11 12

362 14
  0 1 2 3
  1 0 2 4
  2 0 1 5
  3 0 6 7
  4 1 8 9
  5 2 10 11
  6 3 7 8
  7 3 6 10
  8 4 6 12
  9 4 11 13
 10 5 7 13
 11 5 9 12
 12 8 11 13
 13 9 10 12

363 14
  0 1 2 3
  1 0 2 4
  2 0 1 5
  3 0 6 7
  4 1 8 9
  5 2 10 11
  6 3 7 8
  7 3 6 10
  8 4 6 12
  9 4 12 13
 10 5 7 13
 11 5 12 13
 12 8 9 11
 13 9 10 11

364 14
  0 1 2 3
  1 0 2 4
  2 0 1 5
  3 0 6 7
  4 1 8 9
  5 2 10 11
  6 3 7 8
  7 3 6 12
  8 4 6 9
  9 4 8 13
 10 5 12 13
 11 5 12 13
 12 7 10 11
 13 9 10 11

365 14
  0 1 2 3
  1 0 2 4
  2 0 1 5
  3 0 6 7
  4 1 8 9
  5 2 10 11
  6 3 7 8
  7 3 6 12
  8 4 6 10
  9 4 11 12
 10 5 8 13
 11 5 9 13
 12 7 9 13
 13 10 11 12

366 14
  0 1 2 3
  1 0 2 4
  2 0 1 5
  3 0 6 7
  4 1 8 9
  5 2 10 11
  6 3 7 8
  7 3 6 12
  8 4 6 10
  9 4 11 13
 10 5 8 13
 11 5 9 12
 12 7 11 13
 13 9 10 12

367 14
  0 1 2 3
  1 0 2 4
  2 0 1 5
  3 0 6 7
  4 1 8 9
  5 2 10 11
  6 3 7 8
  7 3 6 12
  8 4 6 10
  9 4 12 13
 10 5 8 11
 11 5 10 13
 12 7 9 13
 13 9 11 12

368 14
  0 1 2 3
  1 0 2 4
  2 0 1 5
  3 0 6 7
  4 1 8 9
  5 2 10 11
  6 3 7 8
  7 3 6 12
  8 4 6 10
  9 4 12 13
 10 5 8 13
 11 5 12 13
 12 7 9 11
 13 9 10 11

369 14
  0 1 2 3
  1 0 2 4
  2 0 1 5
  3 0 6 7
  4 1 8 9
  5 2 10 11
  6 3 7 8
  7 3 6 12
  8 4 6 13
  9 4 10 13
 10 5 9 12
 11 5 12 13
 12 7 10 11
 13 8 9 11

370 14
  0 1 2 3
  1 0 2 4
  2 0 1 5
  3 0 6 7
  4 1 8 9
  5 2 10 11
  6 3 7 12
  7 3 6 13
  8 4 9 12
  9 4 8 13
 10 5 11 12
 11 5 10 13
 12 6 8 10
 13 7 9 11

371 14
  0 1 2 3
  1 0 2 4
  2 0 1 5
  3 0 6 7
  4 1 8 9
  5 2 10 11
  6 3 7 12
  7 3 6 13
  8 4 10 12
  9 4 11 12
 10 5 8 13
 11 5 9 13
 12 6 8 9
 13 7 10 11

372 14
  0 1 2 3
  1 0 2 4
  2 0 1 5
  3 0 6 7
  4 1 8 9
  5 2 10 11
  6 3 7 12
  7 3 6 13
  8 4 10 12
  9 4 11 13
 10 5 8 13
 11 5 9 12
 12 6 8 11
 13 7 9 10

373 14
  0 1 2 3
  1 0 2 4
  2 0 1 5
  3 0 6 7
  4 1 8 9
  5 2 10 11
  6 3 8 9
  7 3 8 12
  8 4 6 7
  9 4 6 13
 10 5 12 13
 11 5 12 13
 12 7 10 11
 13 9 10 11

374 14
  0 1 2 3
  1 0 2 4
  2 0 1 5
  3 0 6 7
  4 1 8 9
  5 2 10 11
  6 3 8 9
  7 3 10 11
  8 4 6 12
  9 4 6 12
 10 5 7 13
 11 5 7 13
 12 8 9 13
 13 10 11 12

375 14
  0 1 2 3
  1 0 2 4
  2 0 1 5
  3 0 6 7
  4 1 8 9
  5 2 10 11
  6 3 8 9
  7 3 10 11
  8 4 6 12
  9 4 6 13
 10 5 7 12
 11 5 7 13
 12 8 10 13
 13 9 11 12

376 14
  0 1 2 3
  1 0 2 4
  2 0 1 5
  3 0 6 7
  4 1 8 9
  5 2 10 11
  6 3 8 9
  7 3 10 12
  8 4 6 11
  9 4 6 12
 10 5 7 13
 11 5 8 13
 12 7 9 13
 13 10 11 12

377 14
  0 1 2 3
  1 0 2 4
  2 0 1 5
  3 0 6 7
  4 1 8 9
  5 2 10 11
  6 3 8 9
  7 3 10 12
  8 4 6 11
  9 4 6 13
 10 5 7 13
 11 5 8 12
 12 7 11 13
 13 9 10 12

378 14
  0 1 2 3
  1 0 2 4
  2 0 1 5
  3 0 6 7
  4 1 8 9
  5 2 10 11
  6 3 8 9
  7 3 10 12
  8 4 6 12
  9 4 6 13
 10 5 7 13
 11 5 12 13
 12 7 8 11
 13 9 10 11

379 14
  0 1 2 3
  1 0 2 4
  2 0 1 5
  3 0 6 7
  4 1 8 9
  5 2 10 11
  6 3 8 9
  7 3 12 13
  8 4 6 10
  9 4 6 12
 10 5 8 13
 11 5 12 13
 12 7 9 11
 13 7 10 11

380 14
  0 1 2 3
  1 0 2 4
  2 0 1 5
  3 0 6 7
  4 1 8 9
  5 2 10 11
  6 3 8 10
  7 3 9 11
  8 4 6 12
  9 4 7 12
 10 5 6 13
 11 5 7 13
 12 8 9 13
 13 10 11 12

381 14
  0 1 2 3
  1 0 2 4
  2 0 1 5
  3 0 6 7
  4 1 8 9
  5 2 10 11
  6 3 8 10
  7 3 9 11
  8 4 6 12
  9 4 7 13
 10 5 6 12
 11 5 7 13
 12 8 10 13
 13 9 11 12

382 14
  0 1 2 3
  1 0 2 4
  2 0 1 5
  3 0 6 7
  4 1 8 9
  5 2 10 11
  6 3 8 10
  7 3 9 11
  8 4 6 12
  9 4 7 13
 10 5 6 13
 11 5 7 12
 12 8 11 13
 13 9 10 12

383 14
  0 1 2 3
  1 0 2 4
  2 0 1 5
  3 0 6 7
  4 1 8 9
  5 2 10 11
  6 3 8 10
  7 3 9 12
  8 4 6 11
  9 4 7 12
 10 5 6 13
 11 5 8 13
 12 7 9 13
 13 10 11 12

384 14
  0 1 2 3
  1 0 2 4
  2 0 1 5
  3 0 6 7
  4 1 8 9
  5 2 10 11
  6 3 8 10
  7 3 9 12
  8 4 6 11
  9 4 7 13
 10 5 6 12
 11 5 8 13
 12 7 10 13
 13 9 11 12

385 14
  0 1 2 3
  1 0 2 4
  2 0 1 5
  3 0 6 7
  4 1 8 9
  5 2 10 11
  6 3 8 10
  7 3 9 12
  8 4 6 11
  9 4 7 13
 10 5 6 13
 11 5 8 12
 12 7 11 13
 13 9 10 12

386 14
  0 1 2 3
  1 0 2 4
  2 0 1 5
  3 0 6 7
  4 1 8 9
  5 2 10 11
  6 3 8 10
  7 3 9 12
  8 4 6 12
  9 4 7 11
 10 5 6 13
 11 5 9 13
 12 7 8 13
 13 10 11 12

387 14
  0 1 2 3
  1 0 2 4
  2 0 1 5
  3 0 6 7
  4 1 8 9
  5 2 10 11
  6 3 8 10
  7 3 9 12
  8 4 6 12
  9 4 7 13
 10 5 6 13
 11 5 12 13
 12 7 8 11
 13 9 10 11

388 14
  0 1 2 3
  1 0 2 4
  2 0 1 5
  3 0 6 7
  4 1 8 9
  5 2 10 11
  6 3 8 10
  7 3 9 12
  8 4 6 13
  9 4 7 10
 10 5 6 9
 11 5 12 13
 12 7 11 13
 13 8 11 12

389 14
  0 1 2 3
  1 0 2 4
  2 0 1 5
  3 0 6 7
  4 1 8 9
  5 2 10 11
  6 3 8 10
  7 3 9 12
  8 4 6 13
  9 4 7 11
 10 5 6 12
 11 5 9 13
 12 7 10 13
 13 8 11 12

390 14
  0 1 2 3
  1 0 2 4
  2 0 1 5
  3 0 6 7
  4 1 8 9
  5 2 10 11
  6 3 8 10
  7 3 9 12
  8 4 6 13
  9 4 7 11
 10 5 6 13
 11 5 9 12
 12 7 11 13
 13 8 10 12

391 14
  0 1 2 3
  1 0 2 4
  2 0 1 5
  3 0 6 7
  4 1 8 9
  5 2 10 11
  6 3 8 10
  7 3 9 12
  8 4 6 13
  9 4 7 12
 10 5 6 13
 11 5 12 13
 12 7 9 11
 13 8 10 11

392 14
  0 1 2 3
  1 0 2 4
  2 0 1 5
  3 0 6 7
  4 1 8 9
  5 2 10 11
  6 3 8 10
  7 3 9 12
  8 4 6 13
  9 4 7 13
 10 5 6 12
 11 5 12 13
 12 7 10 11
 13 8 9 11

393 14
  0 1 2 3
  1 0 2 4
  2 0 1 5
  3 0 6 7
  4 1 8 9
  5 2 10 11
  6 3 8 10
  7 3 12 13
  8 4 6 10
  9 4 12 13
 10 5 6 8
 11 5 12 13
 12 7 9 11
 13 7 9 11

394 14
  0 1 2 3
  1 0 2 4
  2 0 1 5
  3 0 6 7
  4 1 8 9
  5 2 10 11
  6 3 8 10
  7 3 12 13
  8 4 6 11
  9 4 12 13
 10 5 6 12
 11 5 8 13
 12 7 9 10
 13 7 9 11

395 14
  0 1 2 3
  1 0 2 4
  2 0 1 5
  3 0 6 7
  4 1 8 9
  5 2 10 11
  6 3 8 10
  7 3 12 13
  8 4 6 12
  9 4 11 12
 10 5 6 13
 11 5 9 13
 12 7 8 9
 13 7 10 11

396 14
  0 1 2 3
  1 0 2 4
  2 0 1 5
  3 0 6 7
  4 1 8 9
  5 2 10 11
  6 3 8 10
  7 3 12 13
  8 4 6 12
  9 4 11 13
 10 5 6 12
 11 5 9 13
 12 7 8 10
 13 7 9 11

397 14
  0 1 2 3
  1 0 2 4
  2 0 1 5
  3 0 6 7
  4 1 8 9
  5 2 10 11
  6 3 8 10
  7 3 12 13
  8 4 6 12
  9 4 11 13
 10 5 6 13
 11 5 9 12
 12 7 8 11
 13 7 9 10

398 14
  0 1 2 3
  1 0 2 4
  2 0 1 5
  3 0 6 7
  4 1 8 9
  5 2 10 11
  6 3 8 12
  7 3 10 12
  8 4 6 13
  9 4 11 12
 10 5 7 13
 11 5 9 13
 12 6 7 9
 13 8 10 11

399 14
  0 1 2 3
  1 0 2 4
  2 0 1 5
  3 0 6 7
  4 1 8 9
  5 2 10 11
  6 3 8 12
  7 3 10 13
  8 4 6 13
  9 4 11 12
 10 5 7 12
 11 5 9 13
 12 6 9 10
 13 7 8 11

400 14
  0 1 2 3
  1 0 4 5
  2 0 4 5
  3 0 4 6
  4 1 2 3
  5 1 2 6
  6 3 5 7
  7 6 8 9
  8 7 10 11
  9 7 12 13
 10 8 12 13
 11 8 12 13
 12 9 10 11
 13 9 10 11

401 14
  0 1 2 3
  1 0 4 5
  2 0 4 5
  3 0 4 6
  4 1 2 3
  5 1 2 7
  6 3 7 8
  7 5 6 9
  8 6 10 11
  9 7 12 13
 10 8 12 13
 11 8 12 13
 12 9 10 11
 13 9 10 11

402 14
  0 1 2 3
  1 0 4 5
  2 0 4 5
  3 0 4 6
  4 1 2 3
  5 1 2 7
  6 3 8 9
  7 5 8 10
  8 6 7 11
  9 6 12 13
 10 7 12 13
 11 8 12 13
 12 9 10 11
 13 9 10 11

403 14
  0 1 2 3
  1 0 4 5
  2 0 4 5
  3 0 4 6
  4 1 2 3
  5 1 2 7
  6 3 8 9
  7 5 10 11
  8 6 10 12
  9 6 11 12
 10 7 8 13
 11 7 9 13
 12 8 9 13
 13 10 11 12

404 14
  0 1 2 3
  1 0 4 5
  2 0 4 5
  3 0 4 6
  4 1 2 3
  5 1 2 7
  6 3 8 9
  7 5 10 11
  8 6 10 12
  9 6 11 13
 10 7 8 13
 11 7 9 12
 12 8 11 13
 13 9 10 12

405 14
  0 1 2 3
  1 0 4 5
  2 0 4 5
  3 0 4 6
  4 1 2 3
  5 1 2 7
  6 3 8 9
  7 5 10 11
  8 6 10 12
  9 6 12 13
 10 7 8 13
 11 7 12 13
 12 8 9 11
 13 9 10 11

406 14
  0 1 2 3
  1 0 4 5
  2 0 4 5
  3 0 6 7
  4 1 2 6
  5 1 2 8
  6 3 4 9
  7 3 8 10
  8 5 7 11
  9 6 12 13
 10 7 12 13
 11 8 12 13
 12 9 10 11
 13 9 10 11

407 14
  0 1 2 3
  1 0 4 5
  2 0 4 5
  3 0 6 7
  4 1 2 6
  5 1 2 8
  6 3 4 9
  7 3 9 10
  8 5 11 12
  9 6 7 13
 10 7 11 12
 11 8 10 13
 12 8 10 13
 13 9 11 12

408 14
  0 1 2 3
  1 0 4 5
  2 0 4 5
  3 0 6 7
  4 1 2 6
  5 1 2 8
  6 3 4 9
  7 3 10 11
  8 5 10 12
  9 6 11 12
 10 7 8 13
 11 7 9 13
 12 8 9 13
 13 10 11 12

409 14
  0 1 2 3
  1 0 4 5
  2 0 4 5
  3 0 6 7
  4 1 2 6
  5 1 2 8
  6 3 4 9
  7 3 10 11
  8 5 10 12
  9 6 11 13
 10 7 8 13
 11 7 9 12
 12 8 11 13
 13 9 10 12

410 14
  0 1 2 3
  1 0 4 5
  2 0 4 5
  3 0 6 7
  4 1 2 6
  5 1 2 8
  6 3 4 9
  7 3 10 11
  8 5 10 12
  9 6 12 13
 10 7 8 13
 11 7 12 13
 12 8 9 11
 13 9 10 11

411 14
  0 1 2 3
  1 0 4 5
  2 0 4 5
  3 0 6 7
  4 1 2 8
  5 1 2 9
  6 3 8 9
  7 3 10 11
  8 4 6 12
  9 5 6 13
 10 7 12 13
 11 7 12 13
 12 8 10 11
 13 9 10 11

412 14
  0 1 2 3
  1 0 4 5
  2 0 4 5
  3 0 6 7
  4 1 2 8
  5 1 2 9
  6 3 8 10
  7 3 8 11
  8 4 6 7
  9 5 12 13
 10 6 12 13
 11 7 12 13
 12 9 10 11
 13 9 10 11

413 14
  0 1 2 3
  1 0 4 5
  2 0 4 5
  3 0 6 7
  4 1 2 8
  5 1 2 9
  6 3 8 10
  7 3 9 11
  8 4 6 12
  9 5 7 13
 10 6 11 12
 11 7 10 13
 12 8 10 13
 13 9 11 12

414 14
  0 1 2 3
  1 0 4 5
  2 0 4 5
  3 0 6 7
  4 1 2 8
  5 1 2 9
  6 3 8 10
  7 3 9 11
  8 4 6 12
  9 5 7 13
 10 6 11 13
 11 7 10 12
 12 8 11 13
 13 9 10 12

415 14
  0 1 2 3
  1 0 4 5
  2 0 4 5
  3 0 6 7
  4 1 2 8
  5 1 2 9
  6 3 8 10
  7 3 9 11
  8 4 6 12
  9 5 7 13
 10 6 12 13
 11 7 12 13
 12 8 10 11
 13 9 10 11

416 14
  0 1 2 3
  1 0 4 5
  2 0 4 5
  3 0 6 7
  4 1 2 8
  5 1 2 9
  6 3 8 10
  7 3 10 11
  8 4 6 12
  9 5 11 13
 10 6 7 13
 11 7 9 12
 12 8 11 13
 13 9 10 12

417 14
  0 1 2 3
  1 0 4 5
  2 0 4 5
  3 0 6 7
  4 1 2 8
  5 1 2 9
  6 3 8 10
  7 3 11 12
  8 4 6 11
  9 5 10 12
 10 6 9 13
 11 7 8 13
 12 7 9 13
 13 10 11 12

418 14
  0 1 2 3
  1 0 4 5
  2 0 4 5
  3 0 6 7
  4 1 2 8
  5 1 2 9
  6 3 8 10
  7 3 11 12
  8 4 6 11
  9 5 12 13
 10 6 12 13
 11 7 8 13
 12 7 9 10
 13 9 10 11

419 14
  0 1 2 3
  1 0 4 5
  2 0 4 5
  3 0 6 7
  4 1 2 8
  5 1 2 9
  6 3 8 10
  7 3 11 12
  8 4 6 13
  9 5 10 11
 10 6 9 12
 11 7 9 13
 12 7 10 13
 13 8 11 12

420 14
  0 1 2 3
  1 0 4 5
  2 0 4 5
  3 0 6 7
  4 1 2 8
  5 1 2 9
  6 3 10 11
  7 3 10 12
  8 4 10 13
  9 5 11 12
 10 6 7 8
 11 6 9 13
 12 7 9 13
 13 8 11 12

421 14
  0 1 2 3
  1 0 4 5
  2 0 4 5
  3 0 6 7
  4 1 2 8
  5 1 2 9
  6 3 10 11
  7 3 12 13
  8 4 10 12
  9 5 11 13
 10 6 8 13
 11 6 9 12
 12 7 8 11
 13 7 9 10

422 14
  0 1 2 3
  1 0 4 5
  2 0 4 6
  3 0 5 6
  4 1 2 7
  5 1 3 8
  6 2 3 9
  7 4 10 11
  8 5 10 12
  9 6 11 12
 10 7 8 13
 11 7 9 13
 12 8 9 13
 13 10 11 12

423 14
  0 1 2 3
  1 0 4 5
  2 0 4 6
  3 0 5 6
  4 1 2 7
  5 1 3 8
  6 2 3 9
  7 4 10 11
  8 5 10 12
  9 6 11 13
 10 7 8 13
 11 7 9 12
 12 8 11 13
 13 9 10 12

424 14
  0 1 2 3
  1 0 4 5
  2 0 4 6
  3 0 5 7
  4 1 2 7
  5 1 3 8
  6 2 9 10
  7 3 4 11
  8 5 9 12
  9 6 8 13
 10 6 11 12
 11 7 10 13
 12 8 10 13
 13 9 11 12

425 14
  0 1 2 3
  1 0 4 5
  2 0 4 6
  3 0 5 7
  4 1 2 7
  5 1 3 8
  6 2 9 10
  7 3 4 11
  8 5 12 13
  9 6 11 12
 10 6 12 13
 11 7 9 13
 12 8 9 10
 13 8 10 11

426 14
  0 1 2 3
  1 0 4 5
  2 0 4 6
  3 0 5 7
  4 1 2 8
  5 1 3 9
  6 2 7 10
  7 3 6 11
  8 4 9 12
  9 5 8 13
 10 6 11 12
 11 7 10 13
 12 8 10 13
 13 9 11 12

427 14
  0 1 2 3
  1 0 4 5
  2 0 4 6
  3 0 5 7
  4 1 2 8
  5 1 3 9
  6 2 7 10
  7 3 6 11
  8 4 9 12
  9 5 8 13
 10 6 11 13
 11 7 10 12
 12 8 11 13
 13 9 10 12

428 14
  0 1 2 3
  1 0 4 5
  2 0 4 6
  3 0 5 7
  4 1 2 8
  5 1 3 9
  6 2 7 10
  7 3 6 11
  8 4 9 12
  9 5 8 13
 10 6 12 13
 11 7 12 13
 12 8 10 11
 13 9 10 11

429 14
  0 1 2 3
  1 0 4 5
  2 0 4 6
  3 0 5 7
  4 1 2 8
  5 1 3 9
  6 2 7 10
  7 3 6 11
  8 4 10 12
  9 5 11 12
 10 6 8 13
 11 7 9 13
 12 8 9 13
 13 10 11 12

430 14
  0 1 2 3
  1 0 4 5
  2 0 4 6
  3 0 5 7
  4 1 2 8
  5 1 3 9
  6 2 7 10
  7 3 6 11
  8 4 10 12
  9 5 11 13
 10 6 8 13
 11 7 9 12
 12 8 11 13
 13 9 10 12

431 14
  0 1 2 3
  1 0 4 5
  2 0 4 6
  3 0 5 7
  4 1 2 8
  5 1 3 9
  6 2 7 10
  7 3 6 11
  8 4 10 12
  9 5 12 13
 10 6 8 13
 11 7 12 13
 12 8 9 11
 13 9 10 11

432 14
  0 1 2 3
  1 0 4 5
  2 0 4 6
  3 0 5 7
  4 1 2 8
  5 1 3 9
  6 2 7 10
  7 3 6 11
  8 4 11 12
  9 5 10 12
 10 6 9 13
 11 7 8 13
 12 8 9 13
 13 10 11 12

433 14
  0 1 2 3
  1 0 4 5
  2 0 4 6
  3 0 5 7
  4 1 2 8
  5 1 3 9
  6 2 7 10
  7 3 6 11
  8 4 11 12
  9 5 10 13
 10 6 9 12
 11 7 8 13
 12 8 10 13
 13 9 11 12

434 14
  0 1 2 3
  1 0 4 5
  2 0 4 6
  3 0 5 7
  4 1 2 8
  5 1 3 9
  6 2 7 10
  7 3 6 11
  8 4 11 12
  9 5 12 13
 10 6 12 13
 11 7 8 13
 12 8 9 10
 13 9 10 11

435 14
  0 1 2 3
  1 0 4 5
  2 0 4 6
  3 0 5 7
  4 1 2 8
  5 1 3 9
  6 2 7 10
  7 3 6 11
  8 4 12 13
  9 5 12 13
 10 6 11 12
 11 7 10 13
 12 8 9 10
 13 8 9 11

436 14
  0 1 2 3
  1 0 4 5
  2 0 4 6
  3 0 5 7
  4 1 2 8
  5 1 3 9
  6 2 8 10
  7 3 9 11
  8 4 6 12
  9 5 7 13
 10 6 11 12
 11 7 10 13
 12 8 10 13
 13 9 11 12

437 14
  0 1 2 3
  1 0 4 5
  2 0 4 6
  3 0 5 7
  4 1 2 8
  5 1 3 9
  6 2 8 10
  7 3 9 11
  8 4 6 12
  9 5 7 13
 10 6 11 13
 11 7 10 12
 12 8 11 13
 13 9 10 12

438 14
  0 1 2 3
  1 0 4 5
  2 0 4 6
  3 0 5 7
  4 1 2 8
  5 1 3 9
  6 2 8 10
  7 3 9 11
  8 4 6 12
  9 5 7 13
 10 6 12 13
 11 7 12 13
 12 8 10 11
 13 9 10 11

439 14
  0 1 2 3
  1 0 4 5
  2 0 4 6
  3 0 5 7
  4 1 2 8
  5 1 3 9
  6 2 8 10
  7 3 10 11
  8 4 6 12
  9 5 11 13
 10 6 7 13
 11 7 9 12
 12 8 11 13
 13 9 10 12

440 14
  0 1 2 3
  1 0 4 5
  2 0 4 6
  3 0 5 7
  4 1 2 8
  5 1 3 9
  6 2 8 10
  7 3 10 11
  8 4 6 12
  9 5 12 13
 10 6 7 13
 11 7 12 13
 12 8 9 11
 13 9 10 11

441 14
  0 1 2 3
  1 0 4 5
  2 0 4 6
  3 0 5 7
  4 1 2 8
  5 1 3 9
  6 2 8 10
  7 3 11 12
  8 4 6 11
  9 5 10 13
 10 6 9 12
 11 7 8 13
 12 7 10 13
 13 9 11 12

442 14
  0 1 2 3
  1 0 4 5
  2 0 4 6
  3 0 5 7
  4 1 2 8
  5 1 3 9
  6 2 8 10
  7 3 11 12
  8 4 6 11
  9 5 12 13
 10 6 12 13
 11 7 8 13
 12 7 9 10
 13 9 10 11

443 14
  0 1 2 3
  1 0 4 5
  2 0 4 6
  3 0 5 7
  4 1 2 8
  5 1 3 9
  6 2 9 10
  7 3 8 11
  8 4 7 12
  9 5 6 13
 10 6 11 12
 11 7 10 13
 12 8 10 13
 13 9 11 12

444 14
  0 1 2 3
  1 0 4 5
  2 0 4 6
  3 0 5 7
  4 1 2 8
  5 1 3 9
  6 2 9 10
  7 3 10 11
  8 4 11 12
  9 5 6 13
 10 6 7 12
 11 7 8 13
 12 8 10 13
 13 9 11 12

445 14
  0 1 2 3
  1 0 4 5
  2 0 4 6
  3 0 5 7
  4 1 2 8
  5 1 3 9
  6 2 9 10
  7 3 10 11
  8 4 12 13
  9 5 6 12
 10 6 7 13
 11 7 12 13
 12 8 9 11
 13 8 10 11

446 14
  0 1 2 3
  1 0 4 5
  2 0 4 6
  3 0 5 7
  4 1 2 8
  5 1 3 9
  6 2 9 10
  7 3 11 12
  8 4 10 11
  9 5 6 13
 10 6 8 12
 11 7 8 13
 12 7 10 13
 13 9 11 12

447 14
  0 1 2 3
  1 0 4 5
  2 0 4 6
  3 0 5 7
  4 1 2 8
  5 1 3 9
  6 2 9 10
  7 3 11 12
  8 4 10 13
  9 5 6 11
 10 6 8 12
 11 7 9 13
 12 7 10 13
 13 8 11 12

448 14
  0 1 2 3
  1 0 4 5
  2 0 4 6
  3 0 5 7
  4 1 2 8
  5 1 3 9
  6 2 9 10
  7 3 11 12
  8 4 11 12
  9 5 6 13
 10 6 11 13
 11 7 8 10
 12 7 8 13
 13 9 10 12

449 14
  0 1 2 3
  1 0 4 5
  2 0 4 6
  3 0 5 7
  4 1 2 8
  5 1 3 9
  6 2 10 11
  7 3 10 11
  8 4 12 13
  9 5 12 13
 10 6 7 12
 11 6 7 13
 12 8 9 10
 13 8 9 11

450 14
  0 1 2 3
  1 0 4 5
  2 0 4 6
  3 0 5 7
  4 1 2 8
  5 1 3 9
  6 2 10 11
  7 3 10 12
  8 4 10 13
  9 5 11 12
 10 6 7 8
 11 6 9 13
 12 7 9 13
 13 8 11 12

451 14
  0 1 2 3
  1 0 4 5
  2 0 4 6
  3 0 5 7
  4 1 2 8
  5 1 3 9
  6 2 10 11
  7 3 10 12
  8 4 10 13
  9 5 11 13
 10 6 7 8
 11 6 9 12
 12 7 11 13
 13 8 9 12

452 14
  0 1 2 3
  1 0 4 5
  2 0 4 6
  3 0 5 7
  4 1 2 8
  5 1 3 9
  6 2 10 11
  7 3 10 12
  8 4 10 13
  9 5 12 13
 10 6 7 8
 11 6 12 13
 12 7 9 11
 13 8 9 11

453 14
  0 1 2 3
  1 0 4 5
  2 0 4 6
  3 0 5 7
  4 1 2 8
  5 1 3 9
  6 2 10 11
  7 3 10 12
  8 4 11 13
  9 5 12 13
 10 6 7 13
 11 6 8 12
 12 7 9 11
 13 8 9 10

454 14
  0 1 2 3
  1 0 4 5
  2 0 4 6
  3 0 5 7
  4 1 2 8
  5 1 3 9
  6 2 10 11
  7 3 10 12
  8 4 12 13
  9 5 11 13
 10 6 7 13
 11 6 9 12
 12 7 8 11
 13 8 9 10

455 14
  0 1 2 3
  1 0 4 5
  2 0 4 6
  3 0 5 7
  4 1 2 8
  5 1 3 9
  6 2 10 11
  7 3 12 13
  8 4 10 11
  9 5 12 13
 10 6 8 12
 11 6 8 13
 12 7 9 10
 13 7 9 11

456 14
  0 1 2 3
  1 0 4 5
  2 0 4 6
  3 0 5 7
  4 1 2 8
  5 1 3 9
  6 2 10 11
  7 3 12 13
  8 4 10 12
  9 5 11 13
 10 6 8 13
 11 6 9 12
 12 7 8 11
 13 7 9 10

457 14
  0 1 2 3
  1 0 4 5
  2 0 4 6
  3 0 5 7
  4 1 2 8
  5 1 3 9
  6 2 10 11
  7 3 12 13
  8 4 12 13
  9 5 10 11
 10 6 9 12
 11 6 9 13
 12 7 8 10
 13 7 8 11

458 14
  0 1 2 3
  1 0 4 5
  2 0 4 6
  3 0 7 8
  4 1 2 7
  5 1 6 9
  6 2 5 10
  7 3 4 11
  8 3 9 12
  9 5 8 13
 10 6 12 13
 11 7 12 13
 12 8 10 11
 13 9 10 11

459 14
  0 1 2 3
  1 0 4 5
  2 0 4 6
  3 0 7 8
  4 1 2 7
  5 1 6 9
  6 2 5 10
  7 3 4 11
  8 3 11 12
  9 5 12 13
 10 6 12 13
 11 7 8 13
 12 8 9 10
 13 9 10 11

460 14
  0 1 2 3
  1 0 4 5
  2 0 4 6
  3 0 7 8
  4 1 2 7
  5 1 8 9
  6 2 9 10
  7 3 4 11
  8 3 5 12
  9 5 6 13
 10 6 11 12
 11 7 10 13
 12 8 10 13
 13 9 11 12

461 14
  0 1 2 3
  1 0 4 5
  2 0 4 6
  3 0 7 8
  4 1 2 7
  5 1 8 9
  6 2 10 11
  7 3 4 12
  8 3 5 10
  9 5 11 13
 10 6 8 13
 11 6 9 12
 12 7 11 13
 13 9 10 12

462 14
  0 1 2 3
  1 0 4 5
  2 0 4 6
  3 0 7 8
  4 1 2 7
  5 1 8 9
  6 2 10 11
  7 3 4 12
  8 3 5 13
  9 5 10 11
 10 6 9 12
 11 6 9 13
 12 7 10 13
 13 8 11 12

463 14
  0 1 2 3
  1 0 4 5
  2 0 4 6
  3 0 7 8
  4 1 2 7
  5 1 8 9
  6 2 10 11
  7 3 4 12
  8 3 5 13
  9 5 10 12
 10 6 9 13
 11 6 12 13
 12 7 9 11
 13 8 10 11

464 14
  0 1 2 3
  1 0 4 5
  2 0 4 6
  3 0 7 8
  4 1 2 7
  5 1 8 9
  6 2 10 11
  7 3 4 12
  8 3 5 13
  9 5 10 13
 10 6 9 12
 11 6 12 13
 12 7 10 11
 13 8 9 11

465 14
  0 1 2 3
  1 0 4 5
  2 0 4 6
  3 0 7 8
  4 1 2 7
  5 1 9 10
  6 2 9 10
  7 3 4 11
  8 3 12 13
  9 5 6 12
 10 5 6 13
 11 7 12 13
 12 8 9 11
 13 8 10 11

466 14
  0 1 2 3
  1 0 4 5
  2 0 4 6
  3 0 7 8
  4 1 2 7
  5 1 9 10
  6 2 9 11
  7 3 4 12
  8 3 9 13
  9 5 6 8
 10 5 11 12
 11 6 10 13
 12 7 10 13
 13 8 11 12

467 14
  0 1 2 3
  1 0 4 5
  2 0 4 6
  3 0 7 8
  4 1 2 7
  5 1 9 10
  6 2 9 11
  7 3 4 12
  8 3 9 13
  9 5 6 8
 10 5 12 13
 11 6 12 13
 12 7 10 11
 13 8 10 11

468 14
  0 1 2 3
  1 0 4 5
  2 0 4 6
  3 0 7 8
  4 1 2 7
  5 1 9 10
  6 2 9 11
  7 3 4 12
  8 3 10 11
  9 5 6 13
 10 5 8 12
 11 6 8 13
 12 7 10 13
 13 9 11 12

469 14
  0 1 2 3
  1 0 4 5
  2 0 4 6
  3 0 7 8
  4 1 2 7
  5 1 9 10
  6 2 9 11
  7 3 4 12
  8 3 10 13
  9 5 6 13
 10 5 8 11
 11 6 10 12
 12 7 11 13
 13 8 9 12

470 14
  0 1 2 3
  1 0 4 5
  2 0 4 6
  3 0 7 8
  4 1 2 7
  5 1 9 10
  6 2 11 12
  7 3 4 13
  8 3 9 10
  9 5 8 11
 10 5 8 12
 11 6 9 13
 12 6 10 13
 13 7 11 12

471 14
  0 1 2 3
  1 0 4 5
  2 0 4 6
  3 0 7 8
  4 1 2 7
  5 1 9 10
  6 2 11 12
  7 3 4 13
  8 3 9 11
  9 5 8 12
 10 5 11 13
 11 6 8 10
 12 6 9 13
 13 7 10 12

472 14
  0 1 2 3
  1 0 4 5
  2 0 4 6
  3 0 7 8
  4 1 2 7
  5 1 9 10
  6 2 11 12
  7 3 4 13
  8 3 9 11
  9 5 8 12
 10 5 12 13
 11 6 8 13
 12 6 9 10
 13 7 10 11

473 14
  0 1 2 3
  1 0 4 5
  2 0 4 6
  3 0 7 8
  4 1 2 9
  5 1 7 10
  6 2 8 10
  7 3 5 11
  8 3 6 12
  9 4 11 12
 10 5 6 13
 11 7 9 13
 12 8 9 13
 13 10 11 12

474 14
  0 1 2 3
  1 0 4 5
  2 0 4 6
  3 0 7 8
  4 1 2 9
  5 1 7 10
  6 2 8 10
  7 3 5 11
  8 3 6 12
  9 4 11 13
 10 5 6 13
 11 7 9 12
 12 8 11 13
 13 9 10 12

475 14
  0 1 2 3
  1 0 4 5
  2 0 4 6
  3 0 7 8
  4 1 2 9
  5 1 7 10
  6 2 8 11
  7 3 5 11
  8 3 6 12
  9 4 10 12
 10 5 9 13
 11 6 7 13
 12 8 9 13
 13 10 11 12

476 14
  0 1 2 3
  1 0 4 5
  2 0 4 6
  3 0 7 8
  4 1 2 9
  5 1 7 10
  6 2 8 11
  7 3 5 11
  8 3 6 12
  9 4 10 13
 10 5 9 12
 11 6 7 13
 12 8 10 13
 13 9 11 12

477 14
  0 1 2 3
  1 0 4 5
  2 0 4 6
  3 0 7 8
  4 1 2 9
  5 1 7 10
  6 2 8 11
  7 3 5 11
  8 3 6 12
  9 4 12 13
 10 5 12 13
 11 6 7 13
 12 8 9 10
 13 9 10 11

478 14
  0 1 2 3
  1 0 4 5
  2 0 4 6
  3 0 7 8
  4 1 2 9
  5 1 7 10
  6 2 8 11
  7 3 5 12
  8 3 6 12
  9 4 10 11
 10 5 9 13
 11 6 9 13
 12 7 8 13
 13 10 11 12

479 14
  0 1 2 3
  1 0 4 5
  2 0 4 6
  3 0 7 8
  4 1 2 9
  5 1 7 10
  6 2 8 11
  7 3 5 12
  8 3 6 12
  9 4 10 13
 10 5 9 11
 11 6 10 13
 12 7 8 13
 13 9 11 12

480 14
  0 1 2 3
  1 0 4 5
  2 0 4 6
  3 0 7 8
  4 1 2 9
  5 1 7 10
  6 2 8 11
  7 3 5 12
  8 3 6 13
  9 4 10 11
 10 5 9 13
 11 6 9 12
 12 7 11 13
 13 8 10 12

481 14
  0 1 2 3
  1 0 4 5
  2 0 4 6
  3 0 7 8
  4 1 2 9
  5 1 7 10
  6 2 8 11
  7 3 5 12
  8 3 6 13
  9 4 10 13
 10 5 9 11
 11 6 10 12
 12 7 11 13
 13 8 9 12

482 14
  0 1 2 3
  1 0 4 5
  2 0 4 6
  3 0 7 8
  4 1 2 9
  5 1 7 10
  6 2 8 11
  7 3 5 12
  8 3 6 13
  9 4 12 13
 10 5 11 12
 11 6 10 13
 12 7 9 10
 13 8 9 11

483 14
  0 1 2 3
  1 0 4 5
  2 0 4 6
  3 0 7 8
  4 1 2 9
  5 1 7 10
  6 2 8 11
  7 3 5 12
  8 3 6 13
  9 4 12 13
 10 5 11 13
 11 6 10 12
 12 7 9 11
 13 8 9 10

484 14
  0 1 2 3
  1 0 4 5
  2 0 4 6
  3 0 7 8
  4 1 2 9
  5 1 7 10
  6 2 10 11
  7 3 5 11
  8 3 9 12
  9 4 8 13
 10 5 6 12
 11 6 7 13
 12 8 10 13
 13 9 11 12

485 14
  0 1 2 3
  1 0 4 5
  2 0 4 6
  3 0 7 8
  4 1 2 9
  5 1 7 10
  6 2 10 11
  7 3 5 11
  8 3 12 13
  9 4 12 13
 10 5 6 12
 11 6 7 13
 12 8 9 10
 13 8 9 11

486 14
  0 1 2 3
  1 0 4 5
  2 0 4 6
  3 0 7 8
  4 1 2 9
  5 1 7 10
  6 2 10 11
  7 3 5 12
  8 3 9 11
  9 4 8 13
 10 5 6 12
 11 6 8 13
 12 7 10 13
 13 9 11 12

487 14
  0 1 2 3
  1 0 4 5
  2 0 4 6
  3 0 7 8
  4 1 2 9
  5 1 7 10
  6 2 10 11
  7 3 5 12
  8 3 9 11
  9 4 8 13
 10 5 6 13
 11 6 8 12
 12 7 11 13
 13 9 10 12

488 14
  0 1 2 3
  1 0 4 5
  2 0 4 6
  3 0 7 8
  4 1 2 9
  5 1 7 10
  6 2 10 11
  7 3 5 12
  8 3 9 13
  9 4 8 11
 10 5 6 13
 11 6 9 12
 12 7 11 13
 13 8 10 12

489 14
  0 1 2 3
  1 0 4 5
  2 0 4 6
  3 0 7 8
  4 1 2 9
  5 1 7 10
  6 2 10 11
  7 3 5 12
  8 3 10 13
  9 4 11 13
 10 5 6 8
 11 6 9 12
 12 7 11 13
 13 8 9 12

490 14
  0 1 2 3
  1 0 4 5
  2 0 4 6
  3 0 7 8
  4 1 2 9
  5 1 7 10
  6 2 10 11
  7 3 5 12
  8 3 11 12
  9 4 12 13
 10 5 6 13
 11 6 8 13
 12 7 8 9
 13 9 10 11

491 14
  0 1 2 3
  1 0 4 5
  2 0 4 6
  3 0 7 8
  4 1 2 9
  5 1 7 10
  6 2 10 11
  7 3 5 12
  8 3 11 13
  9 4 11 12
 10 5 6 13
 11 6 8 9
 12 7 9 13
 13 8 10 12

492 14
  0 1 2 3
  1 0 4 5
  2 0 4 6
  3 0 7 8
  4 1 2 9
  5 1 7 10
  6 2 10 11
  7 3 5 12
  8 3 11 13
  9 4 12 13
 10 5 6 13
 11 6 8 12
 12 7 9 11
 13 8 9 10

493 14
  0 1 2 3
  1 0 4 5
  2 0 4 6
  3 0 7 8
  4 1 2 9
  5 1 7 10
  6 2 11 12
  7 3 5 11
  8 3 10 12
  9 4 11 13
 10 5 8 13
 11 6 7 9
 12 6 8 13
 13 9 10 12

494 14
  0 1 2 3
  1 0 4 5
  2 0 4 6
  3 0 7 8
  4 1 2 9
  5 1 7 10
  6 2 11 12
  7 3 5 11
  8 3 10 12
  9 4 12 13
 10 5 8 13
 11 6 7 13
 12 6 8 9
 13 9 10 11

495 14
  0 1 2 3
  1 0 4 5
  2 0 4 6
  3 0 7 8
  4 1 2 9
  5 1 7 10
  6 2 11 12
  7 3 5 11
  8 3 10 13
  9 4 11 13
 10 5 8 12
 11 6 7 9
 12 6 10 13
 13 8 9 12

496 14
  0 1 2 3
  1 0 4 5
  2 0 4 6
  3 0 7 8
  4 1 2 9
  5 1 7 10
  6 2 11 12
  7 3 5 11
  8 3 10 13
  9 4 12 13
 10 5 8 12
 11 6 7 13
 12 6 9 10
 13 8 9 11

497 14
  0 1 2 3
  1 0 4 5
  2 0 4 6
  3 0 7 8
  4 1 2 9
  5 1 7 10
  6 2 11 12
  7 3 5 11
  8 3 12 13
  9 4 11 13
 10 5 12 13
 11 6 7 9
 12 6 8 10
 13 8 9 10

498 14
  0 1 2 3
  1 0 4 5
  2 0 4 6
  3 0 7 8
  4 1 2 9
  5 1 10 11
  6 2 10 12
  7 3 9 10
  8 3 11 12
  9 4 7 13
 10 5 6 7
 11 5 8 13
 12 6 8 13
 13 9 11 12

499 14
  0 1 2 3
  1 0 4 5
  2 0 4 6
  3 0 7 8
  4 1 2 9
  5 1 10 11
  6 2 10 12
  7 3 9 11
  8 3 10 12
  9 4 7 13
 10 5 6 8
 11 5 7 13
 12 6 8 13
 13 9 11 12

500 14
  0 1 2 3
  1 0 4 5
  2 0 4 6
  3 0 7 8
  4 1 2 9
  5 1 10 11
  6 2 10 12
  7 3 9 11
  8 3 10 13
  9 4 7 13
 10 5 6 8
 11 5 7 12
 12 6 11 13
 13 8 9 12

501 14
  0 1 2 3
  1 0 4 5
  2 0 6 7
  3 0 8 9
  4 1 6 8
  5 1 7 10
  6 2 4 11
  7 2 5 12
  8 3 4 13
  9 3 10 11
 10 5 9 13
 11 6 9 12
 12 7 11 13
 13 8 10 12

502 14
  0 1 2 3
  1 0 4 5
  2 0 6 7
  3 0 8 9
  4 1 6 8
  5 1 7 10
  6 2 4 11
  7 2 5 12
  8 3 4 13
  9 3 10 12
 10 5 9 13
 11 6 12 13
 12 7 9 11
 13 8 10 11

503 14
  0 1 2 3
  1 0 4 5
  2 0 6 7
  3 0 8 9
  4 1 6 8
  5 1 7 10
  6 2 4 11
  7 2 5 12
  8 3 4 13
  9 3 11 12
 10 5 11 13
 11 6 9 10
 12 7 9 13
 13 8 10 12

504 14
  0 1 2 3
  1 0 4 5
  2 0 6 7
  3 0 8 9
  4 1 6 8
  5 1 10 11
  6 2 4 12
  7 2 9 10
  8 3 4 13
  9 3 7 11
 10 5 7 12
 11 5 9 13
 12 6 10 13
 13 8 11 12

505 14
  0 1 2 3
  1 0 4 5
  2 0 6 7
  3 0 8 9
  4 1 6 8
  5 1 10 11
  6 2 4 12
  7 2 9 10
  8 3 4 13
  9 3 7 11
 10 5 7 13
 11 5 9 12
 12 6 11 13
 13 8 10 12

506 14
  0 1 2 3
  1 0 4 5
  2 0 6 7
  3 0 8 9
  4 1 6 8
  5 1 10 11
  6 2 4 12
  7 2 10 13
  8 3 4 13
  9 3 10 12
 10 5 7 9
 11 5 12 13
 12 6 9 11
 13 7 8 11

507 14
  0 1 2 3
  1 0 4 5
  2 0 6 7
  3 0 8 9
  4 1 6 10
  5 1 8 11
  6 2 4 12
  7 2 9 11
  8 3 5 12
  9 3 7 10
 10 4 9 13
 11 5 7 13
 12 6 8 13
 13 10 11 12

508 14
  0 1 2 3
  1 0 4 5
  2 0 6 7
  3 0 8 9
  4 1 6 10
  5 1 8 11
  6 2 4 12
  7 2 9 11
  8 3 5 12
  9 3 7 13
 10 4 11 13
 11 5 7 10
 12 6 8 13
 13 9 10 12

509 14
  0 1 2 3
  1 0 4 5
  2 0 6 7
  3 0 8 9
  4 1 10 11
  5 1 12 13
  6 2 10 12
  7 2 11 13
  8 3 10 13
  9 3 11 12
 10 4 6 8
 11 4 7 9
 12 5 6 9
 13 5 7 8
